0.4752346469169768
-0.5931350721831203
-0.5370011859567922
-0.7569838353962604
-0.7725978188837248
0.498485576505838
0.1727892096122874
-0.11555192732953357
-0.09306735840500036
0.3873166337688714
-0.12667778384690798
0.16381401895134906
0.8494694348513305
0.009688028997115294
-0.7661736794653873
0.6518103121658696
0.12919248314028442
0.35995088961294486
0.8335768726480635
0.29935911399372017
-0.1087261868680609
0.5998942519014199
0.296491981681158
0.655767227770732
0.19794729369967842
-1.2798568578464844
0.4207568270435387
0.39677731898380897
-0.34368445046031687
-0.7098789630143462
-0.01828797285227806
-0.18938101549380143
0.6729492085009808
-0.4000183055928965
-1.6521451705634889
-0.8560060979719288
0.11998023607739387
-0.23835391857275712
0.7361574114262078
-0.7861056880978037
0.9875933373989497
0.7267155150386275
-0.7050472291722515
-0.837726442526796
0.7528232812702971
0.429259927842985
0.03762662502985157
-1.4791055386477645
-0.13157687900080003
-0.22245720057322194
-0.05251504867449592
-0.0281474404927413
-0.6475945242137439
-0.5304338381336191
-0.6704880098504513
0.41555197196882393
-0.23512023263273854
-0.20845811634068817
0.7020680008268533
0.6011175076558087
-1.0699538604347125
-1.1382526240440072
-0.43965691599281154
2.577460019186715
1.1656559824012276
2.5969203940949144
0.6560863746521001
-0.1534411809108574
1.6952688977400938
-0.865027425189537
-0.23203441442776096
-3.1545576129008506
5.538178188380958
2.2400005732422095
-3.3866136810395684
-0.005345650321719006
1.4943274746304869
-0.7553844054830874
0.540862931096233
0.40979670629954174
-0.6983829676285235
-0.9220893056598702
-0.6198709590368551
-0.9489008463088451
-0.64214506101493
1.5248537200408476
-4.316379622464293
-3.696710248720361
-1.4582383680931406
0.2251220316451504
0.8747158340826348
-0.16649222820083873
-0.29467307740925724
-0.2581513345423515
0.7269930682278156
0.8275234506534996
0.2456610894397914
-0.2250949209972613
-0.8990832296841684
-1.5602091365938042
-0.8354622285273148
-0.11230079026342091
2.9340223245821293
-1.0828033118656948
0.6381819759591045
0.20336595922731418
0.6567118570609629
1.0604230396486016
-0.2510158313199269
0.31926695029457663
-2.4678589188429716
3.057552031212254
-3.2421744660158183
-2.366746943231159
-1.9503052731683743
-0.08998168737510889
1.8113104327110836
1.7569021561227018
-0.35187343348917277
0.015098492495434653
0.629284324318043
-0.8402520437424473
0.8571990799078819
1.594916040985828
-1.52351208391027
4.5618726880651295
6.8043150356889335
1.774368894426156
-0.46388130435040714
0.6139976265494068
0.6161640885605529
0.543962708556938
-0.8278578175366418
0.577163181640238
-0.7686188964626757
0.2916229371064071
-0.28944889963884385
1.0796961256070938
1.4734129803054818
0.3473190669197577
-0.6871868052198398
-0.15895656147599435
-0.16194474074616627
-0.7521627287685583
-0.9243917157230165
-0.3091427185262757
0.11510836260636041
0.5880163086580041
-0.11040369771780417
0.8748416572025679
-0.8423530255741629
-0.6965783883988296
-1.3149901861886
-0.19997707629834416
-2.605140673273196
-1.7607051422320068
-0.7700732149057515
7.523215846253723
5.375192805772052
-2.095381489930073
8.07825152974206
-4.8813600190088895
2.614221525599674
-2.2260172375916363
-1.4322444808521486
