0.23530217312801316
-0.4420432462040036
-0.12796642073932296
0.3786745834182983
0.018252305363276378
-0.010213397892628207
-0.09392216698008005
-0.7168777226326686
0.5975207747652946
0.8688974044470685
0.9745759715618121
-0.4560010368779832
0.851006964590294
0.060272052173766744
0.9691864570334339
0.5606656305128563
0.15968787674252227
-0.2993227138779313
0.24241911451467346
0.18742513536076522
0.47947886141663476
0.2709319822029006
-0.24767906078208668
0.660907329004776
-2.9927673552759955
-0.867797162053761
-1.5825849266123277
0.08320413375097203
-0.13643699928988837
-1.7039417644654653
0.3324669883786836
0.4425367254762648
1.954947578055388
-3.5142879797071864
-5.10099882292432
2.4160312645326245
-0.7585627943933783
1.4561976134353156
-0.5544393789162835
0.9959566048501726
0.8859201278164361
0.6758777744207874
1.0769326680309903
0.1372297647016276
-0.49775399342804866
-3.005243913378187
3.5499210846352645
-0.761104631774068
-2.8044381998884527
0.07405825097802153
-0.09958270000658302
0.12382575392477296
0.1277294604663342
-0.6607178338448184
0.12048468876172769
-0.40316658283003454
-0.6538894138395422
-0.16645873739115852
-0.6337639805082262
-1.2382417592959536
-1.2172651383365836
-1.3588500506462464
-0.4051308099146861
-0.30772451097715203
0.7395807924357556
-0.03964900329677008
-0.5602089808267873
-0.22569160381107464
-0.16626785782606152
-0.8873815152269208
-0.8159158294246863
-0.7162290231263172
-0.678088881198617
-1.4439847923735531
-1.1266809491865122
0.5063882439449846
-0.5620193278367849
-0.07873919892700057
-0.11179492082352255
-0.9498386724498584
-0.7968340534923385
-0.7392904352178707
-0.9697044908693694
-0.20003126998293932
-0.38459108864162467
-0.6556522879323368
-1.1484944705809597
-0.3072486864806535
-0.501769709757155
-0.7582718965374383
0.02939080817574045
0.5242146639303482
-0.11302341640884316
-0.4403108446996183
-0.5357109659203799
0.9285208953097158
-0.9890306931236613
-0.4594808116092914
-0.6255218478789658
-1.4151898429036016
-0.5084702925456537
-0.06394079322497873
0.1787940528115521
-1.9137712785408811
-0.019167502423478346
-0.4675758637606449
0.28322085960581295
-0.016311231163980314
-0.9031778684837388
-0.9835786003520445
0.01421740174660066
0.1360659178096381
-2.401799821817134
0.035706307993900954
-1.446370716447654
2.727064808564771
-1.5504550024596353
0.22857762657385347
0.7129204204680575
0.43747201280903847
0.013195397737004481
0.04059882880065897
0.4317971368482559
-3.5461898951277324
3.76715599557347
-1.0309320512362383
-2.2102842579585933
0.30917023956081197
-1.2978643485639008
0.1420646906537434
0.5590079546342123
-0.6118829717652391
0.5909135196649695
-0.15124879527272136
-0.09924675442629678
-0.38455423961856067
0.4918390984935087
-0.8023967784048289
-0.6721120570768179
-0.8356728160984397
-0.2482694834251432
-2.1535343517073673
-0.8518001273700851
-1.2639612484725244
0.333674526256935
-0.42780341523355037
-1.128508958094603
-0.25602803548248576
0.451549473750168
1.9761057857835358
-2.759471749655765
-4.852189328903707
0.16105039947835148
-1.0287993646497389
7.854373651195706
-9.83606551373609
1.7394241230018153
0.3127656855878254
0.35318810492739444
0.5402904799057194
3.0683566410264134
-7.724590284568831
1.0468598143025185
6.699895341022819
5.040026990220662
