0.7281277038651544
-0.054092275358843256
-0.7867356959787907
1.1483549952431902
0.2597890171262148
-0.8633910963873831
-0.42966598773256576
0.9212089140005314
2.1172577358686158
0.6728452144604153
-0.5554530643308969
-0.4363688768178514
0.4588183687360393
0.6235296216112506
-0.3711351615316039
-0.9256235772203922
-0.09059653450317177
0.6138658212101165
0.6902611063568063
0.20176455868100257
0.09072323723397838
-0.5229106948986079
-0.03355531808433927
-0.4345819629919654
0.00513306073355502
-0.847929649223658
0.5021814713213614
0.6080131117916516
0.8213618178730011
0.09590837999598086
-0.026948185333274723
-0.8990995543078791
0.5762895086883159
-0.34472800248429464
-0.14682942887894918
0.7055541155550659
0.1962339107984742
0.38479011577205713
0.05188082199940405
-0.21889626536608395
0.5761371520495245
1.4311675268491093
-0.9283025338696067
0.4559292596275453
1.4104624682035718
0.7571761094770224
0.25437976442124105
-1.8712376075997674
0.019695785756986894
1.9855855564628033
-0.9753671985251792
-0.9032787274957599
0.032184992587457835
-0.4365456486385555
0.6506000209154209
-2.147451078636976
-0.8621587393607384
0.058245200588735696
0.749418291844502
0.6556331286962976
-0.1740897645959352
1.3155510162232102
-1.6682609363609073
-1.168634885848329
0.7700209393290954
1.3799901844039169
-0.061248258579520654
0.8893238557077754
1.3932377770433222
-0.3602597094632537
-0.0541061595419163
-1.3185057582175002
-0.21439452962278177
0.709948860792007
0.4210729481822782
-1.1449496281949336
-0.45077668743203136
0.6765176944001606
-0.32524950217905285
-1.0095415806929438
-0.8593081861002697
-0.622824157372488
-0.7819765876500011
-0.034077706945774326
1.232680793672441
1.0576996535201957
0.033917985559347184
0.8603698427011927
-0.7215465873602819
-0.6390716196005297
-0.11771025313692714
-0.19272927122302372
0.08637437564738859
0.8781987595918762
-0.8124939296566925
0.5619647228489901
-0.20145627966967727
-0.08045423345244171
0.8358856477579573
0.8426794273949948
0.9127855465650624
-0.6335587618664211
-0.8293530363242259
0.626136515728199
-0.048886489765222946
0.8193295164034334
-0.9962515608470526
-0.08473616453355659
-0.6091029433930213
-0.7733783354484919
-0.456316576793074
-0.7213760131463103
0.8370813438160226
-0.40831320376112107
-0.00477928749072687
-0.41819355407992703
-0.4762720983799197
-0.6322456966288754
-0.47854166421833966
0.1849525198059753
-0.6133118489498778
2.822289014188598
-0.1795232978782272
-0.458907371086932
0.42333782336856185
0.8892064950578594
-0.3512703846202643
-2.114711371124631
-2.835072969504617
-0.47221901148238393
-0.6334691542564328
-0.5444855565574691
1.0152311268749152
0.6613477436919509
-1.1750356333869372
0.5583415580530294
-0.3594699558560511
-0.06926147803024388
1.1806004758167021
-0.27369217593267
-1.037868774606007
1.2381563659728425
-0.08391341008568794
-0.4994659764785454
-0.2175189035227229
0.26265058262773616
-0.5957197521618511
-0.3047395058289373
0.22085067628444344
0.4298673214465995
0.038701358149607554
0.4146341508675101
0.18200164275909195
-1.1097895847890629
-0.8987934403813167
-0.12534719792698468
0.10699551575028135
0.2703661008192863
1.0752636608380315
-0.5472943143525552
-0.054812237413718795
-1.393609505976601
-0.44346039371629
0.48182121689193236
-0.8916921535599222
0.8028409827156343
-0.046039300874981266
0.9699343248377793
0.12734751516569834
1.200910775309575
-0.3673986270805987
-0.6051268990398044
-0.010774138110900647
0.754235432938709
-0.21942781436026373
-0.31668558639077765
0.05861157612515619
0.5384321243792064
-1.0584431963409096
-0.2926538853916147
0.7052038189809874
0.7006918925844406
-0.4660252168443066
0.677293839729702
0.4791820089261052
0.854195392923305
-0.8883663542095751
-0.4002625643290055
1.0254496731543112
0.7053415436489144
-0.23470749318286305
-0.3281884228024936
-0.510229876000308
-1.3041333914016333
0.8556457555915036
-0.25390080687412314
-0.3154376110996003
-1.0144661155106216
0.5180463878085624
0.12402414313265449
1.907212272416262
1.10813125237983
-0.4614317129577324
0.6707215846609589
0.604758802663726
0.6550042366241519
1.0331028083239135
0.9110739274531034
1.006242793039401
-0.05968177789144582
0.3561211777724547
-1.0341708432199885
0.20014888713420603
0.9182505282767243
0.2517903890444618
0.8300532735192757
-0.7022908538203216
-0.4951506404932823
-0.6506909571325559
-0.6544131788903651
-0.9201235244726574
0.40243911989340564
-0.6921888553652449
0.6257793171215625
0.3931221933228226
-0.9534396820711102
-0.5932582799513786
-0.970437387937538
-0.960858745689145
0.7118101743766625
-0.9875549979752525
-0.1166966910604552
0.05046448573153934
0.5673831681480256
-0.2561251317149224
-0.10850830534632132
-0.3409659511862931
-0.8824275818842454
0.9305550059009798
-0.6511163466714425
-0.004932833375133661
0.10136975786257298
-0.09300752570545275
-1.094778828339999
-0.6420865743736968
-0.5292635353114603
0.6620489871338857
-0.23761071499627334
-1.4284306935463866
0.5809993433811832
0.8443977420193258
-0.5744263555297887
0.9113930769851599
-0.5871589118326481
-0.4071189997360891
0.1216863008448978
-0.33322510395935195
0.4104282076075713
0.571582584144885
-0.28004936325375596
0.017755433644436335
0.4530136594177749
-0.15463298132665723
0.9201576833584828
0.2661155939317752
-0.48057422279112383
0.10518693177225634
0.24791850854600903
0.5769679876078747
0.09995233079251427
0.013316246921449861
1.7912429182328808
0.3604701169062824
0.5847163153878545
-0.3693769976938937
-0.3408902454741283
0.1224815003380188
0.7406173212025333
1.140512775213322
0.8320962609185267
-0.8834924328167117
-0.5771630796115161
-0.7604406378255157
-0.903562693574378
0.9092665589201018
-0.22083980524331942
0.030783000514482937
-0.28059163650409674
-0.6462576826346929
1.143407116443241
0.28251204744442504
-1.0096023932613412
0.6112631366235144
0.6387280602498018
0.3912748013861681
-1.2170324437745679
-2.492830621109489
-0.5915058441811215
0.21963734380535357
-1.2096066014780864
1.4488474935894489
0.16804730138223223
0.1595128902192538
-0.9101665620389536
-1.2348255542746134
-1.2357954000305875
0.8398214711895241
0.19894716232882848
-1.2457048375724953
-0.6528447674910802
0.1578833423343117
0.6564638389848318
-0.6447244602651155
0.7688001116523803
0.5260075977111256
0.18654651841756204
-0.08114229156844348
0.8021791852070039
0.6984828464118615
-0.0933843492750977
-0.16462418815647006
-0.3000742516049433
0.6322624355694997
-0.3363400614904547
-1.4827254179313558
0.10919416698035549
0.23069191298645736
0.5078602855445749
0.1329918829913119
0.2737338315828596
-1.559164235235747
-0.9330128665123896
-0.4639970971430049
-1.2243866297453463
0.31796964709561193
-0.4003518251999065
-0.3022167449040262
-0.5138525970051966
-0.08009515249203049
-0.008898379142654117
0.1023444597908667
-0.07959502470514714
-0.257371754377095
-0.1542111252006013
1.2592122981710665
-0.061782094114793934
-0.675465592960078
0.3508784410604572
-0.024951473718388028
-0.3844954649975335
-0.9714986059593285
-0.7152310760036108
1.0622837391908757
-0.31176527636500834
0.470176681292916
-0.8288338298357223
-0.4490265475063107
-0.5324367445040824
-0.7305230226518347
-0.35100834673194636
-0.7835061610363274
-0.7476554724642078
-0.049316054025228685
0.2639520568649252
-0.4043494051097651
-0.8563728038073836
-0.7984255222170866
0.27011342851576775
-0.589691676898528
0.040179498384188744
-0.07686889099235164
0.9259026500626181
-0.058354288554453654
-0.5218480436233965
-0.8432284031283913
0.27546291970563785
-0.15352443597672988
0.4887482622056761
0.4392280407465379
-0.8981250854991508
0.42072889282791337
0.5460192963699705
0.08409374488715327
-1.088206406884874
-0.2049695939156453
0.17004508989476494
0.22705570510681916
-0.18137842835200732
-0.5134449479113062
0.4756153800431619
0.744228058574842
0.016571686249795693
-0.6534812940406749
0.9346572796908049
0.6757730291839842
0.12831701575415275
-0.027098064427015293
0.34020503441292993
0.3180730492765701
0.3951647361932141
0.6075779213977899
-0.047692361649386596
-0.8695768476859781
-0.26749705097705684
-0.6182433552881864
-0.5038012106010402
0.45613913544202783
-1.1452507265242986
-0.05836149051185336
0.3589400123702589
0.16189225288555648
0.7717464234881295
0.8889790694811504
-0.043968366260152665
0.5207395255101498
-1.0823356908824295
-0.1113659920866279
0.1639631529213172
0.7927019855089518
-0.13763874318422556
-0.6627065217588295
-0.899097040728148
-0.329459700569767
0.2559015046898708
0.319762500181387
0.9318776680189892
0.06779957984794775
-0.969520769498607
0.5069236238401388
-0.2085902934438501
-0.6441261552469404
-0.28190313492416114
-0.581270897261226
0.2890872542719702
-0.36089068307152244
-0.7636459273307112
-0.43198839953211904
0.05427149096455487
0.4160062491106283
-0.6248397198081014
1.4353186691116415
-0.2586371668172579
0.22052324001768894
1.3056327017470688
-1.2984680160332815
-0.8324661120535154
0.6466747094392821
0.1884896029205923
-0.08458606901672533
-0.12342346820962821
-0.06366693654255952
0.47156944404672096
1.37684917738639
-0.582819650110287
-0.06378722474346499
-0.9345469667956225
-0.02633755173150062
-0.027852647544290066
0.24896630345860404
0.7570522151427349
0.0825568496804113
0.28182568403415503
-0.8554055961687315
1.713143435139169
1.1142657693638347
0.10957265353071859
0.71495588101603
-0.8417730374252879
-0.31352468616973556
-1.0950243223680807
1.257421764803965
0.437035118261435
-0.19189049840173
-0.8096381808780444
0.5670727819492903
-0.3892813410243983
-1.264934128372208
-0.717535039802803
-0.6233249858862847
0.8655459345642559
-0.37798451744468703
-0.9259376892970486
0.5715604423581564
0.8224161353581783
-0.4945300257914682
0.4817201738777198
0.8973996614921664
-0.378194393006439
-1.1531310647239115
-0.332024543329014
0.8353905885202735
0.030496013841968338
-1.3273025190734613
0.8952671413198062
-0.16948975231825225
-0.7785056189989715
0.13491171480118827
-0.16246542108579012
-0.43532140029106364
0.4642822234208023
-0.21535750409857407
-0.5034606281371404
0.32902041874810545
-0.7083080347918519
-0.5928163709281852
0.5817194345221639
0.7347757118869895
0.4036861012583285
0.155457185567289
0.16146910119494912
-0.0060498904409516064
0.4313593293959378
-0.5142333958273533
-1.2408055866926426
-0.6260235608736158
0.22430734660349622
-0.39130383469865915
0.42241783100168667
0.04141108620780784
-0.4984297640694637
0.42037723567294943
0.0014310157143692145
1.4226360058417271
0.41838649720810706
-0.26831394847531825
0.07395748854400351
-0.6385891301074439
-0.3089577607195459
0.5446716029497917
-0.2453340264985716
-0.19477259043633305
0.07464944461509024
-0.5118831629126337
-0.2117442987405906
0.9016587980383197
-0.1973845549242072
0.60397025426533
0.4981241810429224
0.3306846470817907
0.16602377336956112
-0.5584937119779438
-0.27898291997667407
-0.5990628483362771
-0.5247230242829644
1.0239646857430929
1.2343991906648424
-2.129523289715775
0.4879464086337555
1.1100236049161019
-0.5861927727989154
0.5905220598628569
-2.3149562849379715
1.0769563001994225
-1.1379631916612691
0.9773905628378068
0.7263566002741055
-0.11156458787219459
-0.9674871472964132
0.3975620700182173
1.1931520875811075
0.15327902582848318
0.8993247060694511
-0.3241952820500028
-0.9128307308494267
-0.012228426120134389
-0.7839952255692488
1.2707904033264865
0.8077991165440906
-0.6342755668943142
-0.6335315270947969
0.2806280896809904
0.16348292437638
-0.803685449317061
0.49846457360202234
0.014938527819474278
0.6702884479604584
-0.3916767786525776
-1.7970299359641166
1.0298031503084244
1.1657090076094179
0.6925599140408608
-0.034476558812828025
-0.587822713441223
1.8950011686772616
1.6983308917111233
-0.47958433988114946
0.6681502136085398
-0.5795614929955681
-0.7217211073147803
-0.8379152369789239
-0.39875018402913964
0.6216431571991339
0.07703783905625919
-0.24384025732870948
-0.12090546580246786
-0.7866215687834692
-0.11493323349945446
-0.5895600430642252
0.4179587087382245
1.2266847098996647
0.2642964758222045
-1.9474475714097677
0.33198388083525204
1.0975600297202721
0.019369009336854152
-0.5425182092508795
-0.9405661917961514
2.2560277781196763
2.4903944532125406
0.5961363001903898
0.9666538583140898
0.12236001797567604
-0.7608011217860697
-1.0811387789199598
1.0353963885086737
-0.4726525565402936
0.8034579761307046
-0.15670231483615876
0.153973142633278
-0.21782638350528363
0.16172325682618774
-1.2758428055367304
0.20242877318299898
-0.20571718521141727
0.014278468651616725
-0.326437398808651
-0.39050436026535035
-0.7397596566727465
0.18532663357036483
-0.20555654660524017
-0.5285896037815334
0.8284691086035426
0.05113516507504034
0.9945242309110073
0.023813274038404667
-0.6923493086283181
-1.0891009964519964
0.019264615044373063
-0.1643549278172154
-0.11838669853977672
-0.47924311002473435
0.4018142041442684
-1.5894512333141315
-0.263869677692899
1.2868863024997144
0.054308774045459494
0.7578630957710398
-0.7710320913714985
-0.6271875857476806
-1.2344105295890935
-0.037610214989007316
-0.49734714895139814
0.8698631924600085
-0.030442759022891376
0.24403161361051723
0.19340237131777707
1.3825145278068922
0.41569285831180985
0.13680615684728797
-0.8328234261702718
0.3698926204177423
0.6815654609614944
1.3230723753503795
0.14547126346042416
0.6647069030713132
-0.34405169874278646
0.10733110594785317
-0.27050818417085987
-1.2431180176701815
0.6672604236617812
0.7541181180998343
-0.10215742429204544
1.0446862502359087
-1.354939472435998
-0.6828072546383851
-0.14766743904705223
-0.34018806863190226
-0.8420768004261477
-1.0234880901832024
0.493457315495864
1.5710596773958996
-0.2774334005672559
-0.6920784648115864
-0.07947885248325061
0.9377649992441491
0.1245315222169801
1.1664062378234108
-0.43641755464213366
0.19247595040690169
-0.36624723516200225
-0.0578872083730492
0.3218465542813746
-1.1160203683036025
0.6465563238055783
-0.7313257452028044
0.44516591531654587
-0.1317944506571411
1.668042801646347
0.9996610570354473
-0.37728293628198684
-0.33775249921277817
0.055312466142314845
0.2199113987566731
1.194179658403633
-1.4554940412395176
-0.48590847553815064
0.6132915883788956
-0.8864879304315297
2.1268518814468114
-0.45614580699125784
1.0324408736410169
-0.03763193353218706
-0.3105756176528978
-1.6207569161845918
2.255287485490468
-0.05948331470422071
-1.9494182306287204
0.31975250995273424
0.010888590332169261
2.634616317972314
0.7137273436044923
-0.7733033575993774
-0.1777668993273005
0.5567657014639353
-0.3275670479840826
0.21587079962702613
-0.8763606626734582
1.3092876567256362
1.548437103552759
0.2684195480782067
-0.8007157593152593
-0.8038048792911472
-2.1930695179573947
-0.6275269780423798
-0.7343935956643846
-0.6622002160428231
1.0382621779260621
1.0234886808564092
-0.6270526815845154
0.19111152012893756
0.7126560797863959
-0.6731996595568804
0.24526255774902095
-0.9361802182129286
-0.9042642033444247
-0.23147164298919154
-0.8427956408981626
-0.35888003854058215
-0.3683231716811307
-0.8313705525113212
-0.7111752608217646
-0.9632348949505776
-0.4097393251315407
-0.4008881915790353
-0.3317075823193429
0.11778640394477488
-0.879266989529477
-0.4501035095997157
-0.007193377502588653
0.11641058403083135
0.9247809746688592
1.3863101540549598
-1.17548323646508
0.3103678880292921
1.7328383738668753
-0.8125880931850276
-0.2199447848177204
-1.4363930242149376
0.7938131987982024
1.8226470549753426
-0.0848674478969787
0.34583757610503146
1.150881724215999
0.9492694616587161
-0.45376974274620685
-0.17729898772740904
-2.38339464749594
-1.3458545141378493
-0.8063744846398332
-0.05987986380953917
1.3979871809054822
0.5107423914698034
-0.5222241601815194
0.9025727388902767
-1.1963193577693405
-0.026007526208390357
1.479730547085414
-0.3541065167522438
-1.3103101790019793
0.5195066265246365
-0.5871713382538349
1.138508272595739
0.8041494704731916
-0.6844096894890074
0.505488322244289
0.42833438487991476
-0.38147317636710093
0.5569325855497371
-0.8112485653324653
-0.5847880787697494
1.3900806900188591
0.7197071039351989
-1.00425858170782
-0.6769145805799881
-0.9099309006991335
0.3324241701985676
-0.6542635791399966
-0.3727248458720116
0.2785728989406542
0.9095193132644561
-0.3691120331781727
-0.9739230737995604
1.1118950859427488
0.6355536104130713
0.619527024110222
-1.0165969710899472
-0.53905988544183
-0.3523856000794363
-0.06784868626316369
-0.371491841229048
0.31220405069464574
-0.4291143601565252
-0.8546687670248616
-0.4354153248023822
-0.01137648974881742
0.7621970540800955
-0.48482302992022697
1.0659159502071087
0.4068826829694932
0.27116578072650227
0.8456346008928928
0.42181836796008165
-0.2813247098860516
0.06711486067773237
-0.019618419454701917
-0.3010653971201963
-0.27672066979233517
0.5797195395766931
-0.31610569292240276
-0.7749698692696892
0.5674838120371318
-0.41814120631732216
1.092240461295379
-0.10881877199050242
-0.0037068371624543344
0.11640262114847964
0.04758034796885929
0.8686271351392724
0.05347440825070288
-0.25143061732507466
0.8798237373550677
0.7119856491760429
0.7198398525027846
-0.9420575964000774
-0.16493402779198857
-0.205827587878496
0.10169027025662261
-0.5613803222014236
0.37942019481461436
-0.7008307435659518
-0.8132766129042575
0.35419119009489114
0.898124265932913
0.1708389305418662
0.26715279786544793
0.48359381609527724
0.9123686585866402
0.6368107596253448
-0.3685049352647041
0.3872920244338142
-0.932854686013034
0.6447593554200924
-0.6427182719703282
-0.7917521150932214
-0.3017021604102056
0.8950476931116528
0.3790441627068858
0.19874510204654378
0.8700545542541944
0.2752648775362704
0.10247811097703306
-0.2622377327260509
0.15889607998978153
-0.37375821306874185
-0.6644896082908298
-0.1268690083998278
-0.08175687458983978
-0.7613120017109846
0.97111433873557
-0.2355016798544388
-0.8354219822573322
0.7218230725114553
-0.6501803146426562
0.3059122430680376
0.6010732904787881
0.6571649020067558
0.51068428350964
-0.15773529177288145
0.4189375097602087
-0.8489095162069326
-0.04297958231534902
0.5538287372456695
-0.6487703228860214
0.22353811224374043
0.48244196893524655
0.027763193519817857
-0.2774383436180414
-0.280899577315473
0.8555681808992754
-0.42077868521904227
-0.9370411888359924
-0.14013961276134607
-0.11597366323719353
-0.45199912172542295
-0.6215752962965054
1.039686877532271
0.923837353134059
0.17891343264848955
0.747867549724253
0.14193218212861594
1.3888847337458856
-0.5802251956541775
0.5937315644867428
-0.052168766901229735
-1.03783058352734
-1.2629676832085126
-0.7671222864389377
0.2838500064626002
0.7074742926158525
-0.99596640905141
0.6269359653577513
-1.1512186950455527
0.7188283021791296
0.21161962108649313
-0.25659350511136586
0.8141925659823046
-0.23641980214295386
0.8177800495109399
-0.3602394430414851
-1.1069616118568544
1.0603775818037606
-0.09013217447921662
-0.19318556776172705
0.15884200272644758
-1.144500186748289
0.07791357861459916
-0.3022116064086109
0.2648530865395933
0.30193213019394993
-0.44986877694584493
-0.8628605280660135
0.9782958088288148
-0.18418669810051283
-0.2733734466663538
0.2276651725613619
-0.15435003787926224
-0.4657132615223101
0.6825176698362697
-0.7127765369320351
-0.434453606896914
-0.6756438817532949
-0.8146935279436253
0.32364147386751346
-0.09128886224384611
0.6074026666164257
0.5146306044458873
-0.11417252260890151
-0.05134941963605085
-0.6911702113971622
-0.9366724491140456
-0.5697183359864575
0.6480617220932322
0.16651085878618302
0.6683719029125623
-0.06047279560300767
-0.12226255988659543
-0.745695239420359
0.4541368290746788
-0.632940067930818
-0.23794307115705285
0.3962879894793922
-0.21806214497231885
-0.33866544650321717
-1.0863871863628964
-0.969229094734519
-0.21201133797641067
-0.8691037794230762
-0.5298575481936405
-0.5963327015477281
0.18735234100653947
-0.29398492886804556
0.4369794547260512
0.5785752430367266
-1.0140563585734368
-0.9551021339292928
-0.4570388589944306
-1.2608988646238788
-0.6282623597380013
-0.8312111185521781
0.6548120873605142
-1.3587304637941928
-0.774025408492634
1.5603516396752692
0.14425406462746232
0.44720053235518775
1.4713458484461828
0.5478582467263808
-0.6476740528473564
-0.889735576843615
-0.3784016416006525
0.6417334588108524
-0.8087586870794421
0.14126608063600635
-0.4573471688899341
0.2015165725218783
0.5850827663630657
0.017497905482621198
-0.5978269249324091
-0.907991594121769
-0.7876000742062154
0.8357396637620573
0.2590241854687695
-0.4900931920114155
-0.3347936521140694
-0.5986206444523716
-2.297673093763914
-0.751291929458724
0.2065948209383262
0.21993275177441418
1.2513161221721687
-0.04213563896791023
-0.2481667075116308
1.472116276689298
-1.3917370402793316
-0.3161481500904869
-0.7602694528648354
0.4124705864470486
-0.17644676273778004
-1.1244358527212228
1.0479595321783348
0.29837779301385786
-0.6040160835568107
-0.2486085663551069
0.7684751847364387
0.10005923764468187
1.0138286557893932
-0.5345631557885053
-1.0599330912451383
-0.8210904639690408
-0.8808846954395464
0.6135094892915814
0.47122744291316054
0.9693803908207969
-0.6031286458656702
0.3621763964090345
0.7966184900026921
-0.40212763486886827
-0.5980190389760842
0.015819987029024627
0.0329799863141515
1.0215291648763676
0.15696114690571036
-0.3246309192033939
0.7414989597705436
-0.7134681774538545
-0.629003967476258
0.7543026697449997
0.2545532145119715
0.6894357521146757
0.070305847040955
0.33676721314604624
-0.10070735676572447
-0.09261430725406718
-0.06524063189353395
-0.7303447378410101
0.5930275833436418
-0.439027739033638
0.6910857998452073
0.6658547661712937
0.0696297396361841
-0.49779256362878227
0.8798896163668939
-0.5180155596774053
-0.19311077789386535
0.16090540277172075
0.5499105919256003
0.4829696954773204
-0.9494082583452772
0.6103778443767497
-0.21169566512662905
-0.0032337107982275968
-0.12529409028864177
0.2113199023503069
-0.5434792829473106
-0.37286421636533695
-0.2262972900424664
-0.9786048715320163
-0.4576234728219696
-0.7052597365698524
0.9830642581099952
0.22618754152099865
-0.711940997463894
-0.5130878709014735
-0.6348994205185979
-0.5516753680444823
0.26702838979800536
-0.10263643029075116
-0.8872548355687646
-0.22347394027645992
-0.4106399061268934
-0.724094284046054
0.7619467123880266
-0.12002419059790903
-0.8164897840406874
-0.8538985480642746
0.20878354996970544
-0.25403000039251167
0.6514063074073851
0.6620717203595826
-0.6186794247869577
-0.4351167196336526
0.2663273854982047
0.4230676689914582
0.6456708442360991
-0.8174046864835112
2.402996484384157
0.6457937821884007
-0.47463066775023643
-1.1158874327533796
0.23595646094753808
0.8918338194567366
-0.8166114412440226
1.6863021998703231
-0.2960383465709319
-0.06806692443637809
0.19784654697708243
-0.29756980728790516
0.5449889719035065
-0.9847930389512703
0.6054992535411196
0.18223281056457577
0.8642575634676241
-0.973632063264394
-0.4543535376465555
-0.2584567270160097
-1.0839166704378858
0.6682784075318275
0.3118804601910101
-0.7288343704929295
0.14592150661002629
-1.5109414198841844
0.28187294262895113
0.8399608539436221
-0.8254321106267166
-0.6898915876255558
-0.2957178005653583
-0.6532096141219278
-0.8645058954896688
-1.0973251640469677
1.2144988941812267
0.4458168743512211
-0.8787515295907943
-0.9382679579224176
0.5594104822171017
-0.2798464134513969
0.8184888171633926
-0.24914331144284602
0.2133742990374832
-0.21771355814318885
0.8877233016830884
0.6659024806597786
-0.39734045716489286
-0.5086637333692715
0.4006802524067504
-0.9023126342063295
-0.12168819224733034
-0.7265581112526766
0.6223440351928334
-0.852476295971415
0.04491525903776309
-0.253505583160166
0.3287793202584858
-0.46389219052239944
-0.998952220382999
-0.18993343494589252
0.34153273520154015
0.4784440153468809
-0.11128975458560562
0.8952028797445916
-0.8342840473729226
0.2529010766082529
-0.29150899132445185
-0.5098642663875166
-0.23843295788813115
-0.601795233523788
-0.9796987252635269
0.0318586967522501
-0.9583248106024007
0.4410827539733672
0.38745616897404395
0.1019062511803626
-1.4415605857944966
-1.1197000439312592
0.9131989605928824
0.155472770348371
1.2595834848952225
0.9063753945052634
0.16629853294627786
0.6216850734244402
0.22469799319350955
0.7094382849522981
0.3905094532859133
0.9726013136405547
-0.9755275946103835
-0.5080309162702934
0.4757986940250083
0.09131487804404419
0.03190444880883979
-0.5419511544636472
0.40957815335617315
-0.4324771675607483
0.3298107325043177
-1.8325519897239055
0.19747501962962452
0.7929660570654837
0.21697641384484218
-1.0803829264485207
1.107646623509108
0.2834472345572252
1.856914874127495
-1.6032679492305957
-1.7933240460335276
0.5303371776178654
-1.0067417415196827
-0.3080647022949677
0.9495892742164826
0.35029099968074406
0.20049752004787366
-0.022627900723871046
0.766945084831982
-1.0085422357993645
-1.137412167959488
0.06253825329865874
0.6522482615355923
-0.06966317715979158
2.682085015621477
0.7141270348497231
0.14117055699531308
-0.21365157465499166
0.21552673916608073
0.550318191350986
-1.1438532358537608
1.949285363719742
0.18025398241359328
-0.944435154469766
-0.26932043956577256
0.48441621558955184
0.3338317320570491
-0.12207702218832456
-0.34395259273492806
0.9413851974445867
0.6632650318926019
-0.17107032311018114
-0.388334443592058
-2.239039514877686
-2.114901911593298
0.23228065821574154
-1.3036363952184657
-1.0624920790768624
1.015361755755441
-1.6527916090042172
-0.05497534468417653
1.807782788676522
-0.5022094001207115
0.3182071392484607
-0.09886325563670288
-0.029990817681202018
0.16023682958113739
0.1893274995323489
0.0677039925993081
-0.6232328291974643
-0.7798352594382568
0.513807714753788
0.2911493078385732
0.650578159815264
0.23476927193710356
-0.43449789088208773
0.9047685066884755
0.2881655243993666
-0.941186284188412
0.4132861680826728
-0.6758426092899976
0.12430601794892886
-0.5810519754677503
0.041937854150172545
-0.6431900133922672
-0.7422538275267423
-0.45150834680521923
-1.0172816896641508
-0.06221966440426531
0.43238744607537716
0.37879146882671005
-0.38683073452604655
0.48302145943181274
0.6735448167526494
-0.6038061401864695
-0.8105524605467341
-1.0297583520891833
-0.6474631766560369
-0.2428031520751094
-0.14828335440555807
-0.9672566429996472
0.7892139391054231
-0.5838637142274679
-1.0447366934731805
-0.45205372268930344
0.8195826342457798
0.47860704900999484
0.3584233741250536
1.0205015369591979
0.8369581493806492
-1.400046150919304
-0.5922617020166969
0.030359752329986063
-0.7591794230996602
0.6891436584665385
1.2680179657576918
-0.26094433683197554
-0.3666385490207642
-0.9128217340725111
-0.31930915286615486
0.35841637427078515
1.67917704021092
-0.6510149162752804
-0.9297638858946766
-0.6575781593063558
0.14954996083150268
-0.5528263581238798
-1.3017515272842755
0.47061062715759844
-0.8924669354704552
0.08112373801718763
-0.48244939739823484
1.3238034621807695
-0.315620353412503
0.6515499011995153
-1.2072769898668574
0.7804531191303948
0.7631612100010421
2.5664784578789486
-0.31996218052362774
-1.0153761059419644
1.7394940521310078
-1.021083303520094
-0.8407855350318868
1.1773483374704623
1.0745693982955449
-0.3107756945514582
-0.4018004471903355
0.11377251614760095
-1.0592549007071357
0.18603197809892788
-0.6607175405516076
-0.3257456176191563
0.39796215529436535
-0.9934907397891674
-0.5309623967807381
-0.5949456713837821
0.6192421509767025
-0.6429869580747867
-1.1630323272443257
-0.21386917599125277
0.7933622615784395
-0.8299909282318442
0.8567022380294717
-0.5213121744400199
-0.1217413891236299
0.36816046173633193
-0.4687765591955108
0.5121150119260348
-0.23683662303082734
-0.48864585759830487
-0.6161664024183822
-1.0589398640298933
0.8484914802307751
0.8650277366974667
0.5585147165520716
-1.2200011008698555
-0.6592643467063013
0.9072679361099988
-0.3641642752785517
0.37746247789533416
0.4156172533437135
-0.6559686806773616
0.22917926569355296
-0.12185159176007093
0.2998559484668399
0.17035321611672125
-0.012824474515953194
-0.5219589274900028
-0.16601243220663545
-1.7623219802542
-2.0935844389629903
-1.2992343251915568
0.15493291948084786
-2.0334963034101854
0.3579889954347616
-1.039695433833192
0.9514308806595961
0.031667825719293184
-0.7968679679889309
1.0202287685496938
-0.0842641975521185
0.1953948742761691
-0.49103670391982773
-0.8979777251062981
-0.03346226086891756
-0.3724901574871961
-1.4254113906216763
1.6609117877215618
-0.14532120585826017
0.21759119554742223
-1.5289401114538568
1.0806359229409315
1.5878078453084497
1.3453061130101387
0.34627172103764325
0.19817160030577488
1.031073929010535
0.617268876502354
0.27737145729635254
-1.7877647795602207
-0.7235330420644105
-0.4180956981125624
-0.5259673640144841
0.9395169667567631
0.055902782290534296
-0.37480247610812867
0.7732757021414725
0.35032829995809806
-0.13399288879229634
-0.8120998200568722
0.6564278644389506
0.9321716672149161
-0.6559165153377449
-0.09923875464013687
0.3663912970968393
-0.5424649938937866
-0.1972257937350558
0.6339285872421359
-0.37098267701475124
-0.8307551180386262
-0.5968349066676335
1.0230037939282361
-0.23081443037569913
-0.7597001302704361
-0.016506839680160836
0.43039503273919894
-0.4954568425495807
0.8757083954194469
-0.5162063498875817
-0.4688145523639449
-1.1138879076237127
0.878431195201033
0.9681443031583371
-0.5492949524619068
-0.08336860967274538
0.24160778772797228
0.5430173859755771
0.7952809259898173
-0.6330201857111281
-0.7729416781540761
0.062075272860074776
0.6551811542206102
0.7395777506390852
0.97453114391587
0.0817532895021962
0.005374868416894119
0.5348628761791858
-0.3318661302400945
-0.6569565438458249
1.0119255289051345
2.0881119522494878
0.14561414151932536
-0.6783486207578677
2.140634697943629
-0.9091426403612468
1.4776529677581756
-0.3354615541809425
0.7493109887599526
-0.3922092797904403
-0.2682724083848266
0.7376757094184864
0.8666828323320092
-0.8720115924060304
-0.3579413608650915
0.1253612125523698
0.35661718090274913
-0.6265480652293738
-1.0542437868904064
0.39007048585287585
0.8851828662758873
0.9581668132415724
-1.5896388011517055
-1.2574171334053976
-0.48914020912046474
-0.5720815317549974
-0.8503371570953052
-1.105080098377035
-0.897182626265693
-0.005159074005068042
1.5914472094274386
-0.20000747847253073
0.6998998187863487
0.7071290506833882
0.37286132295569296
0.30398984791685035
0.2324195423306538
-0.002587593213763106
0.8674583755739883
0.23164182937573496
0.5789054235232689
0.7241439517262321
-0.6187180734641191
0.32359830765791603
-0.6419643507520562
-0.8372713660257249
0.8212877550170625
-0.7163413951269335
0.3964318075017834
-0.3896992311646566
0.4056161820120998
-0.43861716026878106
0.6003121644723242
0.13209977772523646
0.12005538008642626
-0.7032170363258406
0.7118671342571482
1.2667842780397371
0.08018542590783892
0.23381027095165088
-0.8949201134093064
0.5648016353733214
-1.2426784266469917
-0.4277669040993328
-0.47805873010358924
0.1113089275950598
-0.4533070337801786
-0.21540208288505674
-2.454125264651772
1.3398297884635055
1.39102623930165
-1.2294142306843607
0.3907652657369587
-0.04081928482241566
-0.0609453260320098
0.5338425912678992
-0.7236490125666417
-0.06113661411144739
0.1548580041603523
-0.09190247740932234
1.1503728420981707
-0.2636620785866351
0.3502320876378582
-0.0855641303772483
-0.28326936595249785
0.4661193749659335
-0.5319353373030963
0.0030121267860613444
0.3903486498205905
0.5369458549630858
-0.8047283825933871
0.22567817739235946
-0.6175068316627828
0.0032992872047162467
-0.5075179722133986
0.7275453512528216
0.036880997918605635
-0.48000372533601315
-0.24583021672787428
-0.11098345778322612
0.7812181667098121
0.6890623875742253
0.8154740685340478
1.0587789350728853
-0.765583252157618
0.725517151257008
-0.5095172215293869
0.043258042575301435
0.07884180852604221
0.7188372143443393
0.5568478920742431
-0.12283257131150084
0.47659934773061274
0.5398372045789068
0.11915581775361765
-0.9118579059100066
0.9037630995893046
-0.6528196539094592
0.818496761699002
0.10571145523414416
-0.8269947222599174
-1.735909326616503
0.056403951345109136
0.06577899081081273
0.774535071334125
0.26095337437928867
0.1541124596927672
-0.07061460856872394
-0.2532087741017805
1.110649561601599
0.6343617934705392
1.2143304652305005
-0.5347916498205512
-0.07481904877156813
-0.6368610813054341
-0.90853078376808
-1.0672820543909043
-0.6018589094201829
1.7363539638870586
-0.33237961992999937
0.6510033736908992
-1.6854353624594638
0.9714175841539632
-0.2739149857423916
0.021328681526211344
-1.2140647612282747
0.5868855512819022
0.7599340487120142
2.980476974938082
-0.8135629524774854
-0.6620895505639416
2.216287726168026
-0.5802371463890795
0.6221255573635561
0.26771411136351675
0.07171781799423302
0.22183167523456856
0.05395830354913466
-0.0089469575622465
1.272606593023473
-0.4725947504278058
-1.426135470247416
-1.6880289670230975
0.06837226548798556
-1.5619408352977775
-0.0746775470815784
-0.8994659710785635
1.3373640216160894
-0.19856377132498365
0.02889086825331891
-0.1974776768802608
-2.1177752555795135
-1.113128097261468
0.5659483186710434
0.6124993006239333
-0.06532641929153434
-0.46267867344905345
-0.2613499455195719
1.25920728415584
0.4849827257678617
0.5729803998844172
1.339630554550435
0.992947545449238
1.3107615472693674
2.3857167992199635
1.3368307709555074
0.4414318669767398
0.4719721610359421
-1.7896652511472166
1.8200635486938466
-0.05500232365019465
-2.0811503552161876
1.2649628968066233
-0.30688460810181256
-0.4748430803148895
0.3903719209357619
1.2624377946611964
1.2024794103606757
-0.7721201446266363
0.4869317347690031
3.6265613008321996E-4
-0.6020898568076967
-0.5358021590452997
0.38517221317448885
-0.6727497159367727
-0.3114287261140711
0.1956864847223082
1.0209884396273103
-0.45891971668426534
0.2163587398978559
-0.5536341154973377
-1.0292078834702658
-0.5551567999395786
0.2500759893122333
0.19973449078509745
0.921949115309975
-0.5485813661788785
1.112376233299916
0.02139664015707066
0.059263347329418244
0.31529963665844796
1.086918330875065
0.9636897585828806
-0.20699946363235142
0.6207747821507607
0.7058872998086799
0.5269725987625948
-0.086797031958024
-1.0520188281517728
0.3682171467860502
0.9312049251504873
-0.9005741968409579
-0.43096952973087044
0.18465657994057127
1.287927874953931
0.5093089575127918
1.0538482132274007
0.5326499792993139
-0.7443291564710561
-1.3707505214392925
-0.6426845054469129
0.019025229448156072
0.7839470283385617
-0.7059408853155575
-0.5192803036462653
-0.7196949493766318
-0.49414026699952845
-0.21402157388775478
0.03655656020979617
-0.41530989508781047
-0.7828074822595421
0.8149306678530965
0.15863604069824497
-0.5876733467144333
0.775260857712398
0.5101833183920765
0.6155538760997972
-0.289966283847892
-0.300005651264189
0.14791466032236775
0.5595686810144846
-0.39615113188029116
0.773021670184748
-0.397820736522506
-0.8167499953245129
-0.5875505374397251
-1.0603580384161508
-0.3327199360472468
-0.8324253360320266
-0.675588653586319
0.24734066364465632
-0.06835881331934371
-0.09638357915666934
-0.7285875437250147
0.018070995487357154
-0.6636276985056823
0.7261135024748566
-0.27051001035062927
0.9671544278080935
-0.46076364160444594
-0.2730156548941404
-0.569827522214181
0.9811402148815116
-0.4176261460691148
0.4022339858908715
0.6713071847322376
-0.4730917368095329
0.2544499850858368
-0.6096857168991505
0.08138697693252939
-0.8393810613740119
-0.12078261693554034
-0.9415283363536872
0.06735019880546313
-0.6359893525871503
-0.1646327901038727
-0.10115154364627048
0.30330141574373165
0.6137628419372047
-0.9324710262797399
0.34723220516794806
-0.7808974782418584
-0.9036590752264377
0.3840855832899744
0.5335321170497964
0.2687045951887558
-0.8125308286089283
0.3174679297324659
0.5501510636388154
-0.34562349458329655
-0.7911847640088463
1.1819317152614335
0.6318625097476654
0.11643808468224047
-0.528422870524976
-0.41399797213310185
-0.9121383123454287
-0.6495945057571315
-0.5562119739545275
0.6463123691132299
-0.22582342646242337
-0.7869719928532602
-0.44933807919282687
-0.7374200460531412
0.1193228823362074
-0.20491753495104945
0.4338207307908306
0.38813341209327173
-0.7471197273817076
-0.7450899071068741
0.5404603818059823
0.9727914623784777
-0.2585156028329704
0.9291710527667181
-0.4998232790196152
-0.1987066645130346
-0.4114475537208964
-0.7961806140428674
0.4502743168263538
-1.6574559232631334
-0.010493689601708153
-0.9349243547714412
-0.9753126532823997
0.7199386329603149
0.7075792887174394
-1.6475053015395815
0.7364486552696016
1.492968998545251
1.0582441742721034
2.7156107518930765
-1.5591169921611532
-2.5352784398263277
-1.200989030743605
-0.5862821980925578
1.945091930169354
1.4150914850228709
-0.8753513507968
-0.48634702648435807
-0.16019986154576202
-0.7391382220507646
0.8609294786613932
0.5089900127461596
-0.3655638480753301
0.92269912535284
-2.51673700650549
-0.9087359701391768
0.9015078557962328
-1.876496886072204
-0.5324139433984503
-1.0768502059683738
1.032034637039982
2.277749558638747
0.5576750049589357
-0.8512285479542993
-2.678788968099181
1.276746358167882
1.0657131374497635
-0.6427809899827938
1.111102451716993
1.324976287733677
-0.7338387054052289
-0.1946291020136644
1.1071666130843254
0.6795728078274923
0.32934760627588927
2.525563664310667
-1.637989021525457
0.9368562048826929
-0.5565039882279189
-2.4425795651425415
-0.030624613933909643
0.39523183057421724
-1.022846558370408
-0.7659118078253188
0.9199626007016288
-3.350556778987338
0.2996835489469382
1.0377313017766812
-0.4872332366454307
-0.7171436345292508
-0.04018190756231874
-0.05690637459498074
