0.531858655509561
0.2730042922720057
-0.6974286823264937
0.13973571958287448
-0.6497091883221251
-0.21889735165863308
0.4304237771233647
-0.17318362977365784
-0.09078068947535417
0.8738950077557267
-0.6435838969501588
-0.8368756414329428
0.5627736531802552
0.53967235536151
0.7140680325403721
-0.12174478508521545
-0.948791491691935
-0.07110907384872957
0.09074795288268124
-0.8553905601227964
0.40546948146500933
-0.3026750473590461
0.587838876880863
-0.17507936125971954
-0.9674640451554347
0.9466749258623615
-0.6340413695138487
-0.5815816472665354
0.06938576639638468
-0.27649232010096503
0.5849325977824122
-0.28498059745894033
-0.07980662573127166
-0.5083189503157406
0.5503504131515317
-0.48261954191988954
-0.23379118034107202
-0.6629659991872341
-0.1407397253811031
-0.5315706565766609
-0.7168462025941338
0.5053349257664268
0.35934279198256397
-0.39697304165629
-0.3592313633443173
0.05598870726466042
0.7923494160852702
-0.4913617733540409
-0.6545561764070595
0.8682149565033872
0.3014787448798736
0.8262402382253745
0.10732847048578481
-0.9277940176185232
0.6797121363689774
-0.46214642608820566
-0.40180827602246116
0.8084435656536245
-0.3354569366400333
-0.6417944025641249
-0.44008121011070866
-0.9572890593268814
0.7271343929690129
-0.7179454650444339
0.9519693390982508
-0.1302925857611195
-0.3104104057893324
0.7615886403645632
-0.7413484090106509
0.8352339737959976
0.0960633944301509
0.1137640986072887
-0.6765168309352004
0.60024337162203
-0.6583432669869563
-0.1084271233184539
-0.24609037308339962
-0.7294799988844385
0.6329252866200457
-0.7758008430462613
-0.5322305289095937
-0.3714563796718075
-0.07712483917666764
-0.38968908623104037
0.018542551622190092
0.9687964961633082
0.39570031685737767
-0.34027511574954244
0.5123442017536233
-0.3226656873293747
-0.40806709306792993
-0.34551800135276717
-0.25827508592211307
-0.9662623799875636
0.0016908007161097994
0.5904702043078679
0.8929847162983906
0.5345684558396614
-0.36830245801652123
0.36176137189416246
0.5203572422173334
-0.7719211124587232
-0.5953376658191746
-0.714723608909264
-0.9140022475617332
0.8249612980953939
-0.18580057876880293
-0.885095112061519
-0.3467632627046914
-0.979786938352172
-0.7410459825989083
0.8114324936045295
-0.9630506624057399
-0.13111452190367967
-0.8105016172999556
-0.7467587405791779
0.8228660709379236
-0.6295941343909449
-0.29306915625371166
0.855705063811806
-0.15640115065486632
-0.037994963572577214
-0.8142616464610435
0.4095226679333809
0.3629912913760771
-0.525523296019834
0.32526133031645954
-0.8289906533403949
0.6807706876089071
0.9912960467040951
-0.02968145314275131
0.264674636259304
0.7647560922096662
-0.9157624540745537
0.8469825324520956
0.3655851165898818
0.11352574529467219
0.42753114107149237
0.8658083629942618
-0.4998724489885691
-0.5685553197789149
0.46941528440940944
-0.5678125604536385
-0.20174912318792076
0.42874616976910007
-0.8079663117572596
-0.32339612882266766
0.9019457069364095
0.9807595564688291
-0.41609773458875177
0.1332718436380253
-0.14610280766247136
0.5795240425636209
-0.6154457776421817
-0.858285276251311
-0.13699437394781727
0.09966213566711546
-0.9715772273104876
-0.5766543182899884
-0.23742955206740446
0.2502629723885339
-0.1595349475456072
-0.15058748751378964
-0.755458187767747
-0.8748732208436646
0.7561915253031067
0.35129096290145556
0.5685415026261459
-0.08822921794777328
-0.09063556968734357
-0.0027408188734394166
-0.439612343132183
-0.6484292953925817
0.06388673408390444
-0.6794934190923252
0.9039361195707939
-0.6872015183624817
0.15595120878209454
0.8333911456822688
0.745711163992114
0.708082417906127
-0.23105038335466013
0.8531809828018938
-0.12769778304613078
-0.05452994078484558
-0.8309358186626844
0.15205768423859486
-0.5281214365007424
-0.7685925353684645
-0.6406035710568786
0.18494913048363912
-0.47925525671303265
-0.29191913199464875
-0.9857291362569217
0.8133333983961094
-0.9849290507768597
-0.03487910219062435
-0.6679616719777716
0.5413432762809728
-0.24743284896686266
-0.37908906448226243
0.22310049713917868
-0.8208053368354578
0.24368565155920618
-0.4337459605423748
-0.006839963671853119
-0.5956983365858401
-0.817043451966396
-0.7157476622934275
-0.7834952977092046
-0.43285554571625773
0.5079609761166
-0.2216740667420961
0.05317617626029642
-0.1534593754503787
-0.4409132219849825
0.15627862839480058
-0.1720963210783139
-0.017328519755510016
0.4244526521186476
-0.5672582083903409
-0.5654314385458072
0.3879425355817292
0.24136431606240627
0.12071405498082412
-0.09726518641738349
-0.40648004455553516
0.8259406993002799
-0.5755320477916167
-0.9763738099560219
0.6606160559618489
-0.08783306000576022
0.5558745945810791
0.3457165345268798
-0.6994619984508171
-0.6906128390872625
0.7871461659861273
0.9721921293385182
-0.4574630804406312
0.8105891101925652
0.7308307924739453
-0.8363070319936586
0.6228204161039114
0.9425038555515434
0.14760712803455045
-0.09501945933476802
0.49144357655362253
-0.9284776918184731
-0.48456914577787974
0.012964699775353692
0.9508013805852428
0.20678297116366803
-0.777114396590915
0.12355494046838864
0.4908357032961935
-0.18573050355051804
-0.7861993796392494
0.999057602706673
0.9140890863232862
0.48025518809684964
-0.028292591262499327
0.671792242354004
0.1398522132595784
0.5986185508065823
-0.38061817158054356
-0.3459008400871021
-0.2522295033242294
-0.13431415448712833
0.8283244337176617
-0.6513788598093359
0.7557421508306043
0.6507414944452171
-0.12781602560432245
0.20071845726157508
0.2880767487634638
-0.47292134191017215
0.49057764191199577
0.0509831287503462
0.31944071068055785
0.5953708860461792
-0.04791261132338916
0.29019153059123143
0.2985065089735796
-0.6654853729739463
0.483134136993306
-0.0020492280203106474
0.7145498799355999
0.7423002318426487
-0.6215546538767838
0.10847027702801135
0.4274710527677101
0.4697386547187666
-0.5275954901028165
-0.7908544627132187
0.06446779404430421
0.7288716015548397
0.024888757135438866
-0.585490815492557
0.6555300596078503
0.6037021753716619
-0.3070854146044181
-0.04952778966431097
0.7932636632000277
0.750586287673605
-0.580195013816405
-0.34245787955535917
0.7609888239335484
-0.6485572764069337
0.3576081624571149
-0.5332294545446269
0.1621219486162844
-0.17094683483899306
0.6527833741705021
-0.53013363278617
-0.6484595044709066
-0.9079928266689895
-0.8727375273858006
-0.03517061386114948
0.006738932527975638
-0.04230152817306088
-0.4871897366639468
-0.9765757150613527
0.6073877127912505
0.9812085532480711
0.9196185998430488
-0.13100510901397758
-0.6871643673329954
0.907711627915034
0.29166043535002395
-0.41886417038021195
0.25324708116591943
0.18263744240608557
-0.8411692040609552
0.7326770464221144
-0.2968138287002423
-0.8636437087811263
-0.804162513794099
-0.4504119946159152
-0.19650431390662998
-0.23847258598174373
-0.8332923284241117
-0.6060099865753094
0.9399112478739834
0.27753916940060985
-0.27206758806843756
-0.6764066867187514
0.987144941306403
0.19158463617908744
0.9041938302627629
-0.09521960595732246
-0.29152314278569585
-0.6379431256228012
0.6215888837004546
0.5844285413515411
-0.5204690784285257
0.36714151464622297
0.4912566854965342
-0.08339229641151889
-0.2675935599407551
0.6680861069304533
0.2639897386718835
-0.24319569676522446
0.3035278042714438
0.39449648387751857
-0.9126016954121223
0.8497177392488628
-0.33479258710474946
0.6213197650469159
0.24841135287419536
0.8848728683758488
0.9175643248457958
0.3612126702191199
0.13427225922608566
0.6083977834918626
0.5117084416619808
-0.6426066757219936
-0.3328372186674998
-0.48491447166347823
-0.23237045471748446
0.6051295691102511
0.45170866942116394
-0.24992579696820316
-0.9432993254331444
-0.9219361790225613
0.2105433816041465
0.003763957858381064
0.6537758622052005
0.2058511008008997
0.10073776788750938
0.5778746411328223
-0.36012074063735466
-0.8550387450112406
-0.03686783384267376
0.38642195022184633
0.45571360351717877
-0.08409197801227959
-0.4721453504092942
0.31960411241389447
-0.9167604226154412
-0.8132987901398081
0.6681336256445842
0.8896218882284281
-0.9702032435345169
0.836950344084177
0.3463253360499783
-0.5558270051536021
-0.29266904831977825
-0.21847937657528133
0.9393107324181166
-0.21739400067622247
0.5864620994944201
0.9358699349888735
0.5400586213674425
-0.8499521240434075
0.22399266779255783
0.24421485414979788
-0.2717724020793232
0.2689368202794045
-0.5043868399556986
-0.28101639760149283
-0.5198109213572465
0.7864936564202085
-0.09763505982978751
0.6341379532039149
0.7251347422721853
0.21380136476156789
-0.06357281716817978
0.04500297794386262
0.07159924929477254
0.1988804928328113
0.354131078918551
0.9570077254920833
-0.7078207270086786
0.355776593620389
0.4375607691875132
0.03408537129965546
-0.1559621732398043
0.9944078899648464
-0.5596142900260295
0.6137806964313915
0.6205600832201469
0.5078057252454268
0.42707772656420007
-0.6918764778196639
0.5682624003250493
-0.8449820870817163
0.4478887256788695
-0.28442567004761915
0.504853229283963
-0.8476465988534823
0.36746089325883474
-0.4413592049341591
0.22834537716567968
-0.2263573247677965
0.06502291765117134
0.6662888681042616
0.7276891892471238
-0.23895197945396687
0.9242421206096159
0.9656406454263649
0.7063295531396159
0.18076594700691215
-0.8389073789341115
0.15111222639667604
-0.5492564514284939
-0.5132325558217536
0.7382138844034565
0.242617823192626
0.2793073658700373
-0.19535039601328685
0.8164397670610852
-0.48506550220299155
0.25513390035314787
0.18730762421357658
0.7647002786236906
-0.9575816562601671
-0.684411414676654
-0.45182051680642826
-0.2719146636632109
0.9348978521732494
-0.6082586849362983
0.4329739995362713
0.05723342510854652
-0.09460077783010212
0.3881778082158665
-0.9829251840817701
0.8986009437707212
-0.8206181695828885
-0.41804363386936255
-0.78941994794382
-0.7052067116180551
-0.4596695898144133
-0.8079397540141597
-0.7682630753244661
-0.8815463796357966
-0.3439856445709434
-0.28694728025408606
0.07958538484832657
0.31008420992390023
-0.19713074439890624
-0.1418690514237415
0.35867754860706
-0.9341558717981366
-0.4614239763708029
-0.4913740072389402
0.20852335634398944
-0.09191454202067059
-0.31370372060260354
-0.5505344228534189
0.863375709704844
-0.38908426918270445
0.2621793250891157
-0.494094009538406
0.7888825702989227
0.9970833151931362
0.10589220374979094
0.7770276905567522
-0.5923919670531573
-0.29254217454702924
-0.9000059755095867
0.7122099401487475
-0.7350914153010579
-0.9236743159807278
0.935237086065164
0.021045927501274785
-0.8589447741346062
0.6395166039998313
-0.17886341637519865
0.03993625586061033
-0.13366594751963812
-0.860896365748795
0.42853221409088665
-0.6830676587405909
-0.9920859324607881
0.4501042098916533
-0.4230929864554909
-0.43624560107852833
-0.38664296259383707
-0.04002849773867588
0.2527024248646574
-0.32597240509976994
-0.40285721049229417
-0.35889557180003895
0.2448843794943233
0.12994548797220715
0.414225107709259
0.3403618870444451
0.5005321602591652
-0.26991914303675474
0.1306628450339165
-0.3302338696109514
-0.5165478956612268
-0.36119283838144395
0.04104300661490108
0.2279694242970911
0.28742770089341835
-0.4783800332164249
-0.010021726025244893
-0.02378967992794586
-0.6402186075574907
0.585865499613007
-0.8035298698349946
-0.19064199674924764
0.2930582523597871
-0.3330569807762724
0.08125861675584345
-0.13249472593518744
0.8942964707338431
0.2936335243290214
-0.3463189312723079
-0.17761421110800832
-0.33398018268730095
-0.16394908089524193
-0.9251041744237523
-0.7206796117507611
-0.7333934708057389
0.23776332054784077
0.17590823536875166
0.009790449855928253
-0.5601461424894555
0.19808122564228492
0.485982422330938
-0.7323587553638312
0.37352292899164785
-0.305163827717663
-0.012841581340425899
0.45377591548902474
-0.02014602921652842
0.18320042132084213
0.027560063440810297
0.11197158936812304
0.04403413134707832
-0.4145969682884198
-0.44371431381422355
0.5903062728718779
0.36878989226786496
-0.8640576749833352
-0.342981495232763
0.29453946388607266
1.0222459775287769
0.5937879223194715
0.4907223554831341
-0.8716428850466234
0.2848806095884104
-0.557180158916855
-0.08495902549780168
-0.7872983714514836
0.8106192100132616
0.19906359445285982
-0.16752240851789454
-0.8202730661269
0.4875879133726197
0.2388469817232238
0.45933306277230324
0.1807691001639827
-0.14292989432347217
-0.6538617436099999
-0.272132897428763
-0.08344030723265752
0.9186997244415332
0.3107751261813057
-0.7600596407998614
0.2587574609205506
-0.3420548360210361
-0.19792073628193727
0.5825410714857393
-0.0879525631078516
-0.35633419287647966
-0.9420887643515323
-0.38893301607791925
0.9400631650237048
0.7500597487202887
-0.5994970288551593
-0.9185830816883189
-0.10357270903603878
0.4041387583843303
0.20390471612686314
0.18124695012984962
0.9244699052734836
0.29493216974618236
-0.20088078680078833
0.5797781071791692
-0.19962740688418168
0.3055307136002367
-0.4865001688032151
0.1342694922488965
0.5037958707531285
0.33891999851478116
0.2617490643589257
-0.5509343354326379
0.9965731648851354
-0.7183639812960151
0.939924001926118
0.8492359435738402
0.8629547512721635
-0.17044071997482796
0.7001167673168521
-0.5432232928312103
-0.6768765863690658
0.3345906454738059
-0.4634271848101627
-0.35577666801329183
0.6713350019627268
-0.4862174317670194
-0.9165941229626463
0.1497536980931919
-0.016899921852403257
0.7767584655379296
-0.5662391902228076
-0.7836874698643005
-0.8754854673376592
0.5236589399775765
0.41337420658241597
0.8194648868285311
-0.7604285589722345
-0.42532895717113434
0.6686281654365194
-0.014454468023346906
0.15343809593216248
0.5454802744395773
0.9635665237066644
-0.2877871077155892
-0.07757268683754567
0.604115703385851
-0.4051592515662315
0.004120060618906044
-0.028907441265288273
0.7385270003701105
-0.5303496298856559
0.045622432442525084
-0.36346653076167407
-0.3944191365661419
0.6953538044668234
0.9955743848787715
0.5223818715811385
0.4344748685938026
0.3148249242015024
-0.9262772650578442
-0.98785858197485
-0.7554039001090059
0.975875131567066
0.3693607083715031
-0.28475496951476625
-0.5018941104365167
-0.45135557982136426
-0.8681612555010045
-0.3760894288461681
0.24441495486479667
-0.48490062344704116
-0.3510081325392025
0.6959337931222593
-0.9050944390808713
0.7648812829549299
-0.2707935644150638
0.7251846064994891
0.10288124314682745
-0.43096921066524024
-0.3415273652553978
0.3169600450988583
-0.6385567198769229
0.1868998211316445
0.927103203066848
0.5436492140064708
0.7354352983520052
-0.4257472707531901
-0.8257037028193827
-0.26738549332403694
-0.09804181349134458
0.4283464318016972
0.8046251814303108
-0.9991192081992614
-0.41840371258168085
0.47165557628037114
0.2704209013237758
-0.7948881124443011
0.2588357528452081
0.8003601441525402
-0.5342309835847131
0.47083499912152493
0.013338919098364332
0.11824128824599997
-0.11914409806961322
0.23891711701141874
-0.31541847332316464
0.6321246459479766
-0.4217192451287938
0.6966140725191693
-0.8815066648814454
-0.5784720867922343
-0.1986344977143373
-0.13801678399363096
0.17328911575976233
-0.3710740854251739
-0.4097721146531776
-0.17186221987746944
-0.7726245701515669
0.8905091072576142
0.952273342626513
-0.7343091494319185
-0.4742411908415328
-0.7779616414365725
-0.28458264530463556
0.6507075716219682
0.07295548505901991
0.9475932939178137
-0.9210724867510031
-0.13483683935151092
0.6724792669816001
0.9866628313660123
-0.15160262477756106
-0.10407647708279723
0.38790401450277595
0.6457275493528029
0.30146125987111466
-0.3539255085610082
-0.3057138771185551
-0.7568377625835807
0.046433277197743636
-0.06633731090388041
0.739733969911448
-0.6484773653084814
-0.8790850099706844
0.4200546840722636
-0.3751772735310068
0.08115845128976401
-0.8586327012694235
0.40006069443319364
-0.6680741641477526
0.5949276431803475
-0.3496868562433609
0.5819274958180753
0.09093504766396662
0.03966194484071795
0.7935275159156756
0.2322804153622539
-0.049388018174814315
-0.255716209443603
-0.589708238654093
-0.8008671662789513
0.0988867503303509
0.7527520468797355
-0.1703818818801577
-0.011087797633380771
-0.6605897148735069
0.7563342087144349
0.030484089185092326
-0.38260707164902436
0.018948570910702626
0.39328951976038884
-0.7368680636874273
-0.6282360261748419
-0.3200347540504586
-0.09140139514195444
0.3138763289045389
-0.06195617020218936
-0.5854905843473466
0.6584936825556666
0.021497448634253125
0.46705711223496077
0.9880568122706701
0.09444735748282429
-0.6673305432861614
-0.4257016416941946
-0.38499502653088674
0.7801890942898088
-0.5784646231936335
0.10300312130921027
0.26089750487764773
-0.6103644249556144
-0.4186512154265881
-0.4995598946752643
0.13683429251585846
0.5451003970151775
-0.8727890031830754
0.15899847467427372
0.6465010019837374
-0.23702629831676555
-0.8661108041415082
-0.4789774613889273
-0.8438410992873591
0.007060299290643693
-0.8188702742748618
0.8183043127258153
0.23705468536240284
0.0026904692806444413
0.3405299533355557
0.14054981382755286
-0.4793027995180794
-0.5036172423096381
0.7650889640480838
-0.17276017784223602
0.476938660018562
0.01653439763352128
0.7044046322389667
0.4389001278976551
-0.9608805157096149
0.6228905627749984
-0.8054122216668517
0.23212008365104103
0.8350487866877538
0.8728909305783293
0.43526078467096185
-0.45875699063929576
-0.7562515728960405
-0.6266817201457519
-0.446618931664701
0.638322367462027
0.7758895853151663
-0.5651802898004538
-0.8959487845888262
0.7118885408359109
0.5375364258642948
-0.35454441589550445
0.8401730889070113
0.2724834842209387
0.01968349063119343
-0.8379486303105241
-0.13950760039486987
0.7386372455698886
0.5422967427831822
0.9747524984280223
-0.11409703790881784
0.4862556005951777
-0.7513893389870937
0.4623966471098158
0.04673437501315231
0.059830707033012576
0.8510263197685326
-0.26407150120115386
-0.20843838160118588
-0.9320436248106463
-0.34108375020685755
-0.6239145619077149
0.8606212174696803
0.5195740862287016
0.059064161820053473
-0.6739919573162247
1.0042285299512421
-0.321514802245354
0.2564870313092249
-0.2712082821895896
0.3102704117619748
0.006542454584642857
-0.38186037996533373
0.9996300019265799
0.3854041222189568
-0.7969044534089841
0.8583919631067539
0.3854459733252455
0.9167644226665896
0.20037765280204523
-0.6421466757164277
0.8846533818591521
-0.0884905348565227
-0.30968263830518183
-0.30935209118496365
-0.13958350817638837
-0.4036808837439784
-0.8367485944422671
0.30209429808996896
0.7974532161998987
-0.42028428194139344
0.11640412618759675
0.8060093871412005
0.24865964507658644
0.8361045619903786
-0.6552199897118487
-0.3248055162387264
0.8995550086482393
0.7146318477542453
-0.17879265625887034
0.9325932258139871
0.07035375577327775
-0.16824252613967283
-0.590981485321665
-0.7012258328524839
0.9732110363156232
-0.1998494630439233
0.5013425540642955
-0.40826630273087366
0.8270365992410758
-0.4775141069667729
-0.7978075220650092
0.9950027323500776
0.10603272760288067
0.9800206256145066
-0.16464352050071743
-0.6071671146616703
-0.6852210398047045
0.8594024286642415
-0.38728468315037307
0.8232034686135337
-0.8961246380584174
-0.3720233113492519
0.07605839669278765
-0.4142591141968032
-0.037546658087985955
0.7101331037322689
-0.6186131967922884
1.0434206059774398
-0.9902777756961525
-0.1889635340370871
-0.8973297098977018
-9.434806251295263E-4
-0.21911151226603442
-0.42287016368291813
-0.6681897336428827
1.029949582249976
-0.9434668293775519
0.756797371645005
-0.3035295510770086
-0.5470123175352115
0.36667103320664146
0.2510167948378028
0.13652748366668294
-0.5309920644119623
-0.5772695659127254
-0.8348531624705899
0.7703218981961393
0.5188817605151721
-0.1013560714298393
-0.8282116015855101
0.5692643949770886
0.13906536605010372
-0.5435075720514914
-0.9165962612663814
0.8424586089414294
-0.8451293548785936
-0.9259068976909369
0.1360557157398349
-0.5469294782674265
-0.054116090986624704
-0.520704253488194
0.28952613560960266
0.691077006712679
0.5688207333551465
0.47961145381804365
0.8643386165496345
0.981940420007823
0.3982222601781991
-0.04641239743911536
-0.46066576664225967
-0.9857505616509256
0.637295997378657
-0.3595380563447266
-0.9422368287796201
0.7728290438578846
0.35574736729052797
0.5159848683453215
-0.8385593385460761
-0.9820490874124406
-0.28815800060796626
-0.9799692561006681
-0.7788927118255796
-0.34937175710282
-0.6425935585188943
-0.1745186013875598
-0.45659725708077276
-0.36134373544181136
0.3015542552675998
0.1950767802824648
-0.0434831808379379
-0.8995943336783817
0.8007272835017053
-0.15989645031038446
-0.8713172026223133
-0.4251410705289587
0.3930957112025564
0.29796642082960473
-0.6481295646762868
0.7662055615532598
0.3743123322434161
0.4247771516054842
0.5897942366534248
-0.06173242172582671
-0.8172189310063739
0.9499979637866046
0.1403855664128252
0.6347527163421522
-0.47805295429164923
-0.6535237752817243
0.4190605132727426
-0.5457237550260942
-0.07790044405679156
-0.2618357807761366
0.46234431603724413
-0.7903318857900775
0.8116635891729851
0.888831699733529
0.36533378414755113
0.07437682214398145
-0.7344574918511294
-0.858347241086074
0.7312317315669811
0.23104149623192322
0.14504778479281405
-0.9748171285353717
0.3655741012809391
0.1354326401245768
0.7669814068493811
0.6838103305082512
-0.9735392334628357
-0.5640944016394865
0.7398603260689582
0.8700704020027773
-0.09109456049155677
0.9304503871407812
-0.8712315600517655
-3.791588243817329E-4
-0.8361709416965248
0.3377796187229929
0.9582760100528338
-0.07878482049255313
0.6782945551210042
0.9679458581326271
-0.5441764478420863
-0.3425179872778825
0.9527971200421441
-0.008177727472871321
0.990347945381517
-0.5861732514394933
-0.8324456028020334
-0.08056378087108172
0.10018409718477382
1.0267390017690963
0.9026638085593673
0.7312211411322301
0.042662715822518946
-0.18474419236762957
-0.0208261312946914
0.4367875536681688
1.0045210346536797
0.7646848568002151
-0.6466555974740116
0.48153886739286145
-0.5343251414837371
0.615250743805213
0.33452393310539397
0.3769930793088894
0.34451783215666143
-0.4362870695699601
0.43295869190090297
-0.8097986502439665
-0.19521807123644846
-0.9322058012599711
0.2641664657295251
0.06720440938357611
-0.7618143346157317
0.0074666908139520245
-0.06251594960091122
0.5378379386109818
-0.43996053214833625
0.2854686244907195
-0.6575426018838642
-0.7937424268591383
-0.6690743511792934
-0.802940536020597
0.9915078531023724
1.0319900015334853
0.07292809403160493
0.3136694217320875
-0.34713561503778995
-0.1437664217799699
0.7031142859009158
0.24921477938474276
0.2096576205864157
0.3417287571895161
-0.2898933125900209
0.39496121314750793
0.8148351457346413
0.6861253686145619
0.46978847980604016
0.8180595230782015
0.7458369401273429
0.02575431942854333
0.5229837328400619
-0.25270470107426896
-0.22438391459008317
-0.47596514748282764
0.4105138854008993
-0.8310295106757336
0.5047204520238472
0.2888443963175006
-0.36966543293712356
0.5966795851635373
-0.3677314381974892
-0.7933224785855784
-0.5137887232678243
0.08258796885052479
-0.7500043140967019
0.9493399889832083
0.6930564913808241
-0.862811181951287
0.8257415525370274
0.1043680810059346
0.7856385821284539
-0.7514852396600719
-0.8407572519674718
-0.3536766043441869
0.8478516457797269
-0.8818917853458972
-0.6482427333811115
-0.4265152034466521
-0.1450215977733466
-0.0478591533183535
-0.4395649516908007
-0.3613747027417084
-0.7826692306226709
-0.45736163484965847
-0.1332634574106841
-0.3625571474107483
0.1680337520909749
-0.052923328839270666
-0.8754090970348021
0.7647077497061784
-0.3029358199597176
-0.5229550020486491
-0.747750656458762
0.19888334435785449
-0.95696996557522
0.263129466966294
-0.0998534495198913
0.6306839551671672
-0.5439681727834249
0.3184126752165263
-0.7611995997179786
-0.6179167489705589
0.41105456271899665
0.6700871685368639
0.36683862947660933
0.9526940397965139
0.5373300230471204
-0.5123340212575982
-0.49266823010277816
0.3820511355302542
-0.23002096776153408
-0.46111762057643896
-0.7946880583105222
0.8213790455155746
0.21475924493616796
-0.6140996641129948
0.6684960694303568
0.7851925286065987
0.17434913520625106
0.4421462828651927
0.9070658858979911
0.797580907290636
-0.8820629194631656
0.7194633321334395
0.40616779040926726
-0.6405843977634822
0.2807699966358854
-0.2743862957918802
0.4953075702050077
-0.7294968756929249
0.2791399054645135
-0.045561733840082566
0.04553052266042726
0.2467944270214567
0.7997456897248115
0.0702912290984494
0.8042144238851763
-0.1750208741252282
0.14609324824423006
0.47719795543792254
-0.25848977854921046
0.23611766879707696
-0.03907891817358146
0.5426886716884307
-0.7809471950678559
0.09109463113857048
0.8445022414429222
0.779751440397674
-0.863881156895543
0.9191508963335193
0.022684327452951295
-0.34319247454595364
0.3715429956130323
0.4020119960771012
-0.6889150940734805
0.7295942925719473
-0.2910968769431922
0.16998813282361008
0.1163674378292248
-0.622596939241219
-0.15584648270551177
0.25443696221615775
0.4846131325968328
-0.597425155371919
-0.37548445660789287
0.0614792708066981
0.438087183552551
0.13478393118677473
-0.7889362906770002
-0.8237336347947479
0.4575409149896751
0.022600640952468005
1.1004114709247046
-0.5973342235592372
-0.6610885455730667
-0.42570652127341585
-0.19107681371279644
0.1761387393045905
-0.6602179323666848
-0.6722849582279176
0.15639508775547328
0.35347581944523127
0.3510162380114433
0.941793982982615
-0.6669747994912095
0.4526502218212715
0.756921325088896
-0.5136572488117428
-0.657448344631686
0.8753075759120499
0.5159519668950914
-0.7675546202927553
0.5901892188739138
-0.11501944637167692
-0.17760812380241953
0.45770228509359695
1.039607128002837
-0.3277651432079513
0.5720704038165746
0.16389257394660864
-0.6196624606294352
0.2350782396252577
0.36096698351633677
-0.8199977420575746
-0.09173880657079364
-0.48829716589896044
0.19359300850312708
0.6139014101180738
-0.8786959194348899
-0.9312822448827557
0.39679075385802365
0.7182168172051501
0.6012685224338803
-0.49334910081626565
0.5997053245013917
-0.8268052385344523
-0.8289002707004933
-0.575745619490614
0.25788296012090606
-0.6236452937634042
0.45947377973386727
0.5759767652010097
-0.46295384232196957
-0.17825429719862665
-0.20111660253200217
0.7265347233562159
0.7564050464627267
-0.36215368577509616
-0.1444615243755645
-0.5847377794653571
0.5979706202243308
-0.7042402612481584
-0.9648534456103453
0.13375589707280094
0.37945668150880174
-0.11981857148380956
-0.521698968348021
-0.20158843630731732
-0.6490098260433691
0.7715798482271039
-0.21888647481413967
0.6251180427732618
0.8963277279229194
-0.08074290728749389
0.45527918005148604
-0.24506907857328045
1.0154513432618524
-0.3957719535729481
0.43635913392138026
-0.12802958783089186
0.14727834630961495
0.19504525700399283
0.8142672768087897
1.0145101899167142
-0.836145459055012
-0.43641387469637466
-0.743430864832013
0.7189571640603036
0.8900851396066636
0.6621816337777748
0.6464981816974728
-0.5766194280978919
-0.6000156690687157
-0.9115962737120208
0.9583453769173285
-0.3442727765197066
0.5072553708645522
-0.9728998892751375
0.7233527120240935
0.11158212203342023
0.06066246293429837
-0.8900221125913992
-0.5295756782603048
-0.5130251378672852
0.09260178247595754
0.5157777712508554
0.6075451959719921
-0.8045875976411339
-0.33042628688265957
-0.8240934330766351
-0.15466191054987094
-0.2337597586013194
0.19509083465446894
0.5839496154582381
-0.005324910371925817
0.7836919202300212
-0.2772594231598226
-0.394753519326865
-0.47444875920731067
0.4251945702477139
-0.13896679992615224
0.8692440725590609
0.0554249910702952
0.6498940506978814
-0.40082815927147214
0.14868799371352417
-0.6738174214512855
0.8937945106493851
-0.8669639991152376
0.6676255940293463
0.35992713248254377
-0.18866463165156064
0.028332748978991087
0.09128087968993483
-0.7992737287109519
-0.9299793546413098
0.2928996279598726
0.1341293182924993
0.9070885339782919
0.42580053822702085
-0.195718942220439
0.007559469531077123
-0.7891168556348369
-0.649166193058154
-0.2589995201627784
0.5746806001148549
0.9016491523477316
-0.27164751188355973
-0.8218249587702604
0.6584355735725483
-0.3989806530430234
-0.09970022255228092
0.2311312707467892
0.3021202230051719
0.8810616742827766
0.13223646001379535
0.9227780000983187
0.15481809507379093
-0.850783573049133
-0.6030035011726848
-0.2438894073900182
-0.31130600811782516
-0.4123163619763445
-0.17452841325090934
0.2884217463859295
0.08047286921802603
-0.571306522099198
-0.05714749648328465
0.5058806870357383
0.6747365377626579
0.3857541853109654
0.1694528720373335
-0.43010888747025555
-0.8873583835659251
0.9544882542870269
-0.7185706047931422
0.5886674839053175
0.1027055027346654
-0.6402268509433306
-0.692079571533417
-0.785194579521083
-0.08212191532070652
-0.9627090214719689
-0.06320470409333707
-0.3329509194035938
-0.06250086776471696
0.6425549660482935
0.6068217200639624
-0.7408017535502641
0.392296924165738
-0.3019358979618804
0.5613632265327658
0.35781717288808457
-0.8148675420685991
0.011563536199594155
-0.1902008488789113
-0.0426797103066711
0.9142368354860103
-0.9011276737904833
0.1529502746764986
-0.6982184561697163
-0.5246601737550759
-0.32525096630710487
-0.27153735356954256
-0.7333608948557778
0.15451391884231055
0.7220049582973039
0.2287484002939544
-0.381390243970738
-0.3968425679422317
-0.008838062444684254
0.25204994170457684
-0.5417125472988549
-0.6089111651648765
0.49141471919444213
0.8415177439914652
-0.40691842091500635
-0.1284953453354366
0.8282324734339621
0.9460022830746686
-0.9161132766585959
0.09830093619643344
-0.8687854364159077
-0.3449978894524295
0.8855434745080182
-0.2631769757724205
-0.8924012929683592
0.7297692279409624
0.6073932851036359
0.6066845743590804
-0.2033952460279696
-0.1283144225393764
0.46372526543547626
-0.700296623671762
0.862893517179478
0.16720930739984594
0.16877999584355555
-0.3895826980921277
-0.02689028099074049
-1.0144522251072696
-0.029063019038929737
-0.5094697005143706
-0.6943758957038668
-0.6335600212465838
-0.7039374523335388
-0.4693129310851256
0.03648876451381069
-0.07850504121730584
-0.6281210190633941
0.6134230910129648
0.546606273865336
-0.3546766079296466
0.23708015909813318
0.3908427078546493
-0.32393015973320993
-0.32974300121195504
0.1787788149960213
0.617990380208229
0.7284514795753859
0.6550729568460092
-0.05788190414063223
-0.0912172190045609
-0.7945472662700381
-0.7435700328315096
0.15051504434920313
0.17170449329000012
-0.34510205059254395
-0.6707126696284145
0.0487608820352769
-0.2581360559849188
0.23506853813119621
0.20123558034136194
-0.2900696703626045
0.12831740569334313
-0.1144475899621898
0.038292667952719156
-0.348809081432485
-0.19834933359172446
-0.8770983096051297
0.3263580287155867
-0.7360986268890927
-0.6329591725356466
-0.18125313525170295
-0.046002368601403824
0.5174105870434007
-0.4516574383880346
-0.0157297310140786
-0.49035553749535143
0.665702769890354
-0.5179807533661338
0.6673625122988291
-0.6480882127189632
-0.6856354540404991
0.1526130029537225
-0.8721209792677627
-0.9157662226092725
0.0938613123449846
0.31119651201446075
0.9838216979721699
0.5457552906846168
-0.5739829933092127
-0.05618198404092822
0.19854347378031478
-0.72249535134817
-0.9178682308844941
0.7377546386167817
-0.6408969476228396
-0.44315260234764936
0.36186761607577705
0.7654256261966723
0.32550859026678286
-0.843252496007437
0.9556402755003667
0.43477019693732205
0.9625228367836455
0.6657282691848345
0.7602751047577975
0.1155226915515534
-0.7587414029782282
0.9702947772044577
-0.13165630497427158
-0.7560595405801441
0.372578297926172
-0.09693483692538693
0.572827031253543
-0.6103954542847658
0.748365013123063
-0.11581798561000337
0.940818870307435
0.022839074120776248
0.3460162991332386
-0.5529233777033757
0.260062201334409
0.061867486359893684
0.6899186683935015
-0.6239671598164568
0.41360636835192943
0.4634602428448403
0.45830278081397574
0.6543088306322022
0.6021283079054168
0.46113241314072534
0.06733858020870415
-0.8858329335117066
-0.5331513638057634
-0.8373233171300011
-0.0036148594061231856
-0.517611790321411
-0.1122543626685854
0.7301368014942692
-0.46948226401462284
-0.6092575371611556
-0.9027022604240025
0.23983442498085128
-0.6490844851956983
0.3458631885282136
-0.9063303394604848
0.10464438182066801
0.24558288059985253
0.8704095904511282
0.8923829497147182
0.9100372521250734
0.4991716937025368
-0.7039983786179423
0.9621766704161152
-0.5748200864179859
-0.4301708340306522
-0.44106727230285814
0.9764640467493064
0.24703613165078653
0.25218977289060385
-0.2872559904327005
-0.5457094220358161
0.7016291790557208
-0.8728808188957933
0.5579116423429534
-0.46600620958394223
0.6987272501074423
0.8552281107060287
-0.22675238449472523
0.8560717000329272
-1.0057479663869227
-0.7141724681051699
0.382119327187808
-0.2715021771892986
0.3989868969264564
0.31259461812364964
0.01228065812383871
0.9761659570385257
-0.6595866082396121
-0.8870790058771333
0.7037287416427559
-0.37573265856711524
-0.564095171774506
0.6314849671160356
-0.3588088621415223
0.9478093522191376
0.9788712400168067
-0.7598985351406801
-0.2476072313677535
-0.1737068482979089
-0.16269666437072847
0.861866748230301
0.8493414900906564
-0.7601346493193694
0.25867831282819725
-0.9749755017397461
0.8005246107231079
0.42432712077448653
-0.12522145533728973
-0.6739164037779535
0.25100729884041506
-0.941042986381324
-0.3850308776858425
-0.734333579444609
-0.35385250065242574
0.7343475992208276
-0.8398716610643795
-0.8848476259393832
0.3099591408788581
0.5571903276823856
0.2598057333624942
-0.5190253920128786
-0.45852339719532315
0.7766955271741975
-0.5046864220597032
0.08997918442566766
-0.4061592359815013
0.17912910206829585
-0.5983316511971584
0.4513541917676637
-0.9809756314398823
0.2897391535978277
-0.9278567885506978
0.7462516220971448
0.39929652759293055
-0.8024958556184029
-0.6809168794374368
0.472695995467252
0.5867343976496872
0.8353455586297801
-0.5623630614780725
0.17781733650124093
0.6392132086950313
-0.8977976594545062
-0.7736350254131649
0.4881121578175563
0.4929714877571421
-0.21041456546920662
0.9346267768263655
-0.4745629605745359
0.35707890272202175
0.3471719425251357
-0.24426599979427677
0.7679184627450012
0.5620249291957858
0.5510801563445639
0.9496279349354191
-0.6748388041721943
0.8409695245739354
-0.6380433396850423
-0.01794710488655364
-0.015577440636320211
0.03339802872671906
-0.638843355250067
-0.29525194887307876
0.4272155966138901
-0.6068025902855086
-0.2693185989189123
-0.09124329518049516
-0.3170497748494421
-0.4774230822161717
-0.6608912305224618
0.7946808039239531
0.8302756057520352
-0.7342914468649502
-0.7459894682200147
-0.09029930111076169
1.1218082487011227
-0.6293676512473898
0.8940506299445082
0.7140629336852683
0.11699439021630327
-0.014059262806917102
0.20315719458429296
-0.36919397911661006
0.4673814744822825
0.862378521474611
-0.36975405858330607
-0.2796185180140093
-0.05229935138068908
0.07222759652855983
0.5630279621336765
-0.09874073311819385
-0.8333696779255209
0.5660677858958993
0.1832881030031017
0.5900293429675325
-0.5701840151746487
-0.5042475557829723
0.052793529819076486
0.5115756198575501
0.3577191713662782
-0.28933085525323515
0.34162118684855014
0.169158592570109
0.7511743970132767
0.008202329414227388
0.6324057486087626
0.472280535286284
-0.6569983310589105
-0.7637939186373437
-0.6581431570901387
0.33330960192772446
-0.7608713960720835
-0.8697943833258428
0.07203149813181017
-0.5633578104529416
-0.12209921654967569
-0.17910828585041136
-0.2505801936264173
-0.9718987047015099
-0.16070405883185726
-0.949443279900072
0.6276036135283554
-0.7796308647656416
0.8110550825960547
-0.22501292831326156
-0.6777051593499674
0.7842300385433402
0.7925630520567178
-0.912515885376799
-0.9794218123403579
0.23089867645264375
-0.7351106504585173
-0.5088310498648709
0.030609000389810223
0.6592095166411455
0.744116249584546
-0.4948459324236292
0.1346870678808936
-0.7170029679977598
0.31300763450648356
0.9695248653652144
-0.011279989941130844
0.1356656706205845
0.5092754232193845
-0.05993336090142086
-0.77155428360802
0.7502910873086392
0.5428750325650347
0.8930040636559504
-0.7772520509302315
-0.06067549464670589
0.661763832168525
0.027629005183629398
-0.0035444255375122594
-0.755463020921173
-0.44213016843520325
0.4253348070663504
-0.11220006876976216
0.1890970531138763
0.7953720886958837
-1.0173499633117016
-0.931104017915715
-0.6194341565515303
0.005956032358384852
0.08763546462254693
0.32978416126128784
-0.2910583507668625
-1.337321615994165
-1.083620733084589
-0.6600808397288979
0.19723560293807596
0.08916865829032135
0.5952847416558391
-0.3997713824549275
0.6247214401276769
-1.235951351296226
0.359523479626131
-0.20244928398215295
-0.7430259157116903
-1.2388725360293327
0.1831163323077268
0.5424752217690615
-0.5161857784401813
-0.3424885714096154
0.11189242327242385
1.3108638336395186
-0.5845972028032979
1.0102869397024772
0.45641858247438943
0.6499746496106885
-0.4512445515952572
0.5413954722057177
0.8285743602136587
0.40668937529641197
-0.23626256957716393
-0.6604616201119938
0.7750841847607002
-0.23032859872304504
0.3631741156799528
-0.8054697465368251
0.823399384997214
0.7401449961382257
-0.16571170981995084
0.36263632217792185
-0.25918644487912557
-1.191029033041284
-0.4903391335967696
0.08887508700366303
0.124003810672769
-0.9721689061771857
-0.023552442730594852
0.07329132019586905
-0.8080866228430054
-0.24936617357229815
-0.9786182810248927
-1.073301909189137
0.5330122592197114
0.7042938507280169
-0.6972129345583696
0.3770664726839349
-0.6550615658061328
-0.054688957547519894
0.24075847237407438
-0.12514567225825918
-1.0104220081904816
