0.7010787038512141
-0.056791053429859815
-0.801044185210613
1.1401071833090142
0.2595624836443616
-0.8587370014798676
-0.4289768800430721
0.8808466090188702
2.081865966722507
0.6752274945782812
-0.5846220088916786
-0.416501238536051
0.43174324129262925
0.6234477536733308
-0.40020544499572913
-0.9495774152770321
-0.06207626590932548
0.6595012396328894
0.6339020532546019
0.18442795001929232
0.126089138897236
-0.56952071225967
-0.04155208042162644
-0.5361285013340442
-0.017520287452001643
-0.8061857432979461
0.5002152859170664
0.6150410241015972
0.8305182353063175
0.09559461943987885
-0.053849308740545436
-0.8942590654967082
0.6111660451834938
-0.3401110445567488
-0.1820496790850042
0.7186251787687855
0.17015150632523884
0.4115520471479773
0.052759927824711075
-0.2058862890663171
0.5795624904971433
1.3942565819404407
-1.0017701769710996
0.5374044319496211
1.3941117706542705
0.673929991097446
0.24375929654223139
-1.8835622560945742
0.08409735423245997
1.9542095008524496
-1.2212105951025594
-0.8791070179647353
-0.03087081694686651
-0.46676825869448035
0.6509090565006381
-2.0133881866692813
-0.838388531284808
-0.19377536699486472
0.6544683424890047
0.6957524320359576
-0.3174410576676069
1.4447520847237005
-1.8241324298506731
-1.1588507743224739
0.624117420243769
1.2667470109685595
0.07581932174098016
1.1936439448369853
1.0444189398267092
-0.37615447138628544
0.24473990120063993
-1.3671197155397512
-0.2159758120719226
0.20693768541023289
0.45197650670070383
-1.0769555068065
-0.453811429286353
0.6755659228897222
-0.31895390846586574
-1.0095983205695178
-0.884655921756582
-0.6270080847345681
-0.7228021148414
-0.004295312908563246
1.2154928416526147
1.0860496641952535
0.012330544799091852
0.8941915331857717
-0.7141783666739244
-0.6143290248969907
-0.0950375090384785
-0.2084596081515799
0.02097738834840024
0.9357397592391005
-0.8068169218886616
0.4856165159270544
-0.16880988335528596
-0.061386115987443625
0.9656956541111127
0.8370054397394212
1.057044687695564
-0.6369695839509616
-0.7792997859426245
0.6334413570537875
-0.048665032939707926
0.7467035380831039
-1.000359604584383
0.07712672564244373
-0.5169398846919706
-0.773911787721044
-0.3735819570968148
-0.7987747000332118
0.9556636119286944
-0.39896275154873634
0.10149838312662804
-0.35331020244902794
-0.5291264981453692
-0.8139791758864494
-0.26504475193081173
0.2374722899854773
-0.7537863419906411
2.8350246265503007
-0.1430594615323277
-0.18490658600196389
0.4454835059198868
0.7828998251071656
-0.34632156647779677
-2.130881598664822
-2.85831961154091
-0.4727631213130453
-0.6071065801665815
-0.5391889208918828
0.8880503825761947
0.5627050957920495
-1.1744295443266823
0.5051610847054433
-0.3354737118367812
-0.16666907305232712
1.1678630797923055
-0.3166573807376859
-1.0840542842170828
1.25962055694888
-0.020377951675160353
-0.6290404511506712
-0.25984607920597436
0.31756412036329323
-0.6692339382748806
-0.38370811003355415
-0.0045390384298179785
0.37545633838007064
-0.08995513618251579
0.41823255853588404
0.1277213627440705
-1.0877199485776419
-0.8979081066427372
-0.051069388222844216
0.1124243620785738
0.12513415259791133
1.0996266045892416
-0.47179341411154785
-0.1432795722496528
-1.2606817290208507
-0.5368621442835114
0.4752908965977054
-0.9965312547873721
0.7369535089755512
0.050347715574985165
1.1988890173591262
-0.018684494995817102
1.2413074509185216
-0.17936654312504355
-0.6364751699947369
0.0770629369710296
0.5042387441072926
-0.13089444050162394
-0.24514191307523625
0.05194038276519013
0.5565809759659044
-1.0503904361314127
-0.29191192990993564
0.721261729987326
0.6941885171223192
-0.40773593752131704
0.7304095078565571
0.46378188563778616
0.9249953615553786
-0.9211254470821262
-0.3623901036574272
1.0342686663665306
0.7396584030453428
-0.18457456107965006
-0.34242616598647224
-0.5617236910949971
-1.1611731411507056
0.9489959229520573
-0.277884730040323
-0.25281653453448244
-0.9138241134610003
0.6384541491779532
0.1982196913001918
2.069778917617983
1.0652831390704365
-0.3934648152226539
0.660508594065542
0.6053328263733601
0.5613173135166403
0.9816249638848831
1.119097741661585
1.047818012671212
-0.08559512902433167
0.4592189438984479
-1.169724886936645
0.3215132727336386
0.8879807383642923
0.40326755157747435
0.9214329641969493
-0.8082978089765387
-0.7618865928658822
-0.3612925566253094
-0.4895681532326579
-1.1216937385029546
0.4340939791133287
-0.6121712440668294
1.0430368483091295
0.4505245642839029
-0.9819606895260272
-0.5860628664029595
-0.965857797306371
-0.957018479477665
0.712753414099959
-0.9634500863581613
-0.11144365690578466
0.029823717884698394
0.587267945523519
-0.24970811072363644
-0.10632395006425978
-0.3202210019144659
-0.8857134914265422
0.9315984444945957
-0.6735115700083446
-0.009064188475788857
0.1358976802927349
-0.04220366415902126
-1.1009372164129076
-0.6031766367393531
-0.41643290852891135
0.6723166297252072
-0.10903076319444426
-1.5337287162519484
0.675323315709909
0.8325502968310065
-0.5721252819920372
0.9121466426230813
-0.5875063745036899
-0.40523942873566454
0.11702439591336526
-0.33226518618576467
0.40452211601920984
0.6646515380197634
-0.2070804181713191
0.01877504324789711
0.4614169927799512
-0.16140373550977116
0.9215887983906945
0.26181506946976685
-0.4608758625501631
0.17322791779602992
0.3719370353934985
0.5403933686034131
0.2549670247207188
0.2062807485829844
1.7792575974916631
0.5094812107668569
0.5581010528659465
-0.1814198976505016
-0.24474671932944994
0.12371203707051455
0.7486169251178163
1.1660228637488
0.8337916409787038
-0.8532532487142517
-0.574827471328977
-0.6688880094109882
-0.7384141763174155
0.9188053839292206
-0.1500089941323296
-8.305550780898974E-4
-0.23237560986761652
-0.6386274500604895
1.196821594603516
0.34111645801073254
-1.0500428860348556
0.4687424434593025
0.8506222945060367
0.5512125331365413
-1.3082352958975387
-2.4334204304233724
-0.41337103919859286
0.6189168156121343
-1.0400685954614965
1.4408740930073645
0.16444849747281182
0.16753134032174843
-0.9150873271335558
-1.235050373389567
-1.2311595154396773
0.8357610177705836
0.1870291373075596
-1.259034121259093
-0.652439366884845
0.16671717137687725
0.6512354080641399
-0.6507372059705356
0.7694941563546362
0.5259469314265581
0.18706198964049037
-0.08820294745155467
0.8244738750210318
0.6842610910983445
-0.09751368769107936
-0.1460159662807573
-0.29828394660374846
0.611744787914374
-0.39340022762072785
-1.5052073294247748
0.012378562381195774
0.23939476661977524
0.4855497557772033
0.13504701782656434
0.2731125672535326
-1.5410314778926737
-0.9243300137647485
-0.5422129465295252
-1.2814655047635064
0.2987158899001634
-0.442891015350366
-0.25898411583448505
-0.5619920655977124
-0.07935155872887768
-0.0673321033646696
0.06671742783092928
-0.0543410033668255
-0.1543040800431772
-0.27767161822520176
1.1690837019780898
0.030956165031084976
-0.6720128763080194
0.28840404300725786
-0.2086988328396353
-0.44662189793023904
-0.986844625972894
-0.7101208400895086
1.0577827412237555
-0.30319898195971084
0.4708338343122112
-0.8232400679345523
-0.44420842697772767
-0.5468248697206456
-0.6708235837822882
-0.33846697660486036
-0.7820857104004746
-0.7270713102187011
-0.059004353070945814
0.2664035790582081
-0.4217016562356248
-0.8530582210688135
-0.76942893255077
0.33156186221228123
-0.6044286381279742
0.06511481150045086
0.010189867123233484
0.9328664010400128
0.01487142299807598
-0.537852918604986
-0.7775131011995936
0.43571717471212407
-0.17278039795400224
0.5177192847483633
0.4167288229515178
-0.9001176763996359
0.28403816704737156
0.5249663712900621
0.24476540896066845
-1.1786784164214252
-0.381663818940258
0.2427455997650957
0.030026967226792312
-0.10471851797087932
-0.5161162352858921
0.5851239764702634
0.7880350353762351
-0.15904761126395842
-1.0615237701379907
0.9972015814724767
0.4756943404559135
-0.3019689501354038
-0.06638842702218191
0.14145468805173578
0.5746550459650077
0.19590564614703787
0.8735963328897849
-0.05640155634887139
-0.7801947196112343
-0.26972773804226147
-0.6167921104126726
-0.559789219381673
0.43475104064988007
-0.8176015212639434
0.10620885649019562
0.311982242342597
0.3691815636898286
0.6212531631295233
1.1294207202112985
-0.0342382338306133
0.7112571339032671
-0.8914695090487235
-0.1920329015575319
-0.12917491199350942
1.1105160594292256
0.03567214322448928
-0.792481771474156
-0.7059082806274675
-0.17248308086861175
0.7475922801526078
0.4648869877330852
1.1808131328274276
0.041083561256180304
-0.902099752489267
0.504207001660106
-0.20711923501948748
-0.6915452436851387
-0.3085590099679842
-0.33828955221873025
0.3954070458225764
-0.4112855856143109
-0.5935796502162091
-0.5896696289052556
0.20054016397211144
0.4221723245886877
-0.48594681380531124
1.5446559615671658
-0.37263619084264227
-0.08405032421960215
1.5814260198335344
-1.1164743086484314
-1.0379157162337376
0.7073517931723841
0.3267817605439025
0.410005007428252
0.02368237422660752
-0.049084385940765224
0.46828317559166704
1.3861396598867672
-0.5576801198765864
-0.06457482979242996
-0.9162565934593461
-0.016993744839746364
-0.01854958330275303
0.18219567084238997
0.6984045074459106
0.08618927422040565
0.2897796607462752
-0.8231061305892506
1.721519827542027
1.0711204638370426
0.08732892780152372
0.654547948059078
-0.8745164917809501
-0.19544067494461267
-1.1463946972746326
1.1979490732004465
0.4694103333868635
-0.15288357453809662
-0.8917700507399696
0.4883122770529352
0.038831792137821654
-1.2761243223349459
-0.590345250346695
-0.6042106304417912
0.8666599624800941
-0.48977400395744647
-0.9332184375562512
1.0081703870744687
0.9527518485075946
-0.508740671940232
0.6915794209356496
0.6769725737134897
-0.07474584807883106
-1.126334599372348
-0.07632468951442359
0.9793031146491686
-0.1551447059974986
-1.8235501780034122
1.3828314295425224
0.015405780749901819
-1.154661527761107
0.2989523932742079
-0.037791617657118755
0.3987385661894502
0.5756850150031976
-0.10115778170364624
-0.5057776978574504
0.36079183891027966
-0.6931321943057187
-0.592184474883071
0.5761872008669031
0.7297238794358817
0.5130197782417812
0.23355778355467316
0.17872095608864835
0.07184623111399434
0.39709873977840887
-0.44232719046162083
-1.2348697072119321
-0.5599995533666768
0.28155381507330857
-0.4301705168245065
0.30171412480052257
0.21507091051961552
-0.4362251147242386
0.32914386463629725
0.07625472024763137
1.5077957629206837
0.6546264823094817
-0.20512434396479534
0.04354277720268105
-0.619819354577887
-0.2546704094651968
0.5177510511206773
-0.24634302192362412
-0.18686679776536558
0.08030192987555003
-0.5025291767882024
-0.29555784870737767
0.9382699835748303
-0.1990818521999388
0.5868540444367026
0.5086168540373964
0.3428618144545322
0.23540735740550886
-0.5464761848125197
-0.2688759795526513
-0.6391137279039922
-0.5954151706822717
0.9565425987345602
1.2322856604697243
-2.0718218395697985
0.34451659021980585
1.0696695161090732
-0.6870923153039243
0.46899245302336817
-2.307231966642623
1.0185935395233228
-1.1485979453762876
0.9760653857713711
0.743455215629929
-0.0956605396349822
-1.0807554814719522
0.2890090689517054
1.1261882375948222
0.07989648311762293
0.9266942549808758
-0.39381510702298805
-0.9179670969985365
-0.09486653704808956
-0.8258095457895555
1.2689944787902898
0.8198019840347734
-0.7490604362297083
-0.7652529351438326
0.24142848900378955
0.06064860389014018
-0.9313081765653486
0.30310973849002604
-0.11757917882595727
0.5463970344812978
-0.39426535683551495
-1.8328099373158122
1.0052646436172152
1.1650297038840085
0.7123771085443664
-0.03810788844288039
-0.7651457237297997
1.7133615206366635
1.6598761044223502
-0.5726303361819255
0.6814597818059928
-0.720784943942754
-0.7324020876069542
-0.9256009749902442
-0.5233376981945503
0.6334536371349224
0.17041664333843037
-0.4842745593257684
-0.20739207793757714
-0.7802783915540096
-0.24444628168610388
-0.6705827597427508
0.04304306261754623
1.1587543373566758
0.2968559133385549
-1.9446157630144054
0.3296240979925256
1.0863173002218467
0.018064589291507987
-0.581132040319037
-0.9488092062291574
2.3206999845634946
2.4024275086733415
0.5324998450197544
0.97867964869731
0.04051042667284421
-0.723020018949417
-1.0680145459929353
1.0834865314754754
-0.44580803153374865
0.7339217757617603
-0.3264975025921719
0.14128923744851454
-0.33159404322265074
-0.042371731235961586
-1.2623087270985534
0.06921186380709465
-0.08583606743872078
-0.11616353588301119
-0.12196293772101628
-0.41395032260730424
-0.6877310128063414
0.2061012252340081
-0.2045741163640784
-0.5757060328609583
0.8139840450584518
0.27317578639721923
1.119600078493821
0.006115689613883743
-0.5686104193224051
-1.1691247179309714
0.16713920995481266
-0.16669729235028677
-0.009753835205856825
-0.3705511098550859
0.28157880469798374
-1.8312179418057035
0.06132322726960281
1.3946723676997967
-0.11531665021476055
0.8195876387361571
-0.5805845860390507
-0.21376445847152006
-1.1361675054720912
-0.1785036116300411
-0.49747459461235427
0.8477103893777084
0.0018088228653339057
0.24491547582315876
0.2597807349157433
1.3902221224864733
0.2512817341065735
0.17013280596398841
-0.7221014202772627
0.27350188099659484
0.8311262425835186
1.227362707493024
0.13821312487715842
0.5565729148352266
-0.46280402414922184
0.19626913303429905
0.03781322228550546
-1.3557689972669162
0.6787559251972775
0.99071507792803
-0.09941244790840657
1.0964540574966888
-1.6083109446106916
-0.5944210333742942
-0.14002977519155738
-0.3328857187277185
-0.8293885838462939
-1.0234054101656862
0.49331556142547733
1.5574991924968593
-0.2761879208351376
-0.6480198131271666
-0.06832943985571265
0.9403978727189221
0.14666397422468694
1.1507322427148021
-0.4072327601561878
0.18867722876429055
-0.32840352259895933
-0.028046237826139398
0.29300771373895235
-1.193201071290939
0.6755366412972218
-0.7410945956859988
0.3892658224352763
-0.1325184455600877
1.6221010312781905
1.1080414809598433
-0.3914583433204265
-0.34225819903535276
0.06916810103754449
0.22079891380242045
1.1970937782060294
-1.454743754296094
-0.464429916017585
0.6289436851791101
-0.8853256487871166
2.1711806718361704
-0.4259697117858779
1.032137594804229
-0.006160849521799174
-0.29247142429950734
-1.6029145838995513
2.2540445337986363
-0.052791765639239124
-1.9076916922079674
0.35063757791472805
0.023206686540178777
2.673071743964097
0.7644803682858655
-0.757428274968358
-0.10656692136066466
0.5694162541801452
-0.2525383536386615
0.20714173362105534
-0.8748519461232515
1.309245837282189
1.5540479189674379
0.26917095738616054
-0.7952433098672549
-0.8022804545533535
-2.19896833708842
-0.5936490429123678
-0.7193710054420547
-0.6626043110498312
1.0503991744975547
1.0215336335503704
-0.6275909382554823
0.1869302630994433
0.7147621970796347
-0.6522530215362838
0.27643713139268994
-0.9423057493786805
-0.868594601728488
-0.17449233180351562
-0.8445210260864048
-0.2930465852105531
-0.3896646958926074
-0.7562296217140463
-0.730813137340371
-0.964165289148136
-0.40660248203215266
-0.40005112013703115
-0.3312844207231634
0.1220350441537268
-0.8793063316117999
-0.466315021509161
0.0027685527263170643
0.12762683614847628
0.9188011693929177
1.385503646650266
-1.1895471975546998
0.3068578673790307
1.7261744052871413
-0.8185086384669448
-0.22201227848384955
-1.402156557908094
0.7797531545522873
1.845732310743763
-0.048931100122536715
0.3297914845122534
1.169611658411216
0.9123991162823663
-0.4114535831276195
-0.3201118141098752
-2.36892958084644
-1.3442397506043213
-0.8072969807448457
-0.060059736285278026
1.4490460979064936
0.5194729387018086
-0.6630974164222425
0.8168254941896474
-1.1578660390356448
-0.0792079007006088
1.551893776247892
-0.42920354295003166
-1.3034821420303129
0.4463340524890788
-0.6518057926004754
1.179220061126801
1.0103231012609855
-0.8534647783960051
0.4244413119407672
0.6094183477848367
-0.38672052096346987
0.479799513067612
-1.1773117299519873
-0.6027753263437986
1.239063537850153
0.7355017597663823
-1.0320076620101062
-0.6941054984738564
-0.909247026485711
0.40038887081662394
-0.6334000818442256
-0.4883476997735955
0.3012052256337539
0.95614691747716
-0.45896557029884827
-0.8852039445510617
1.0730193730157405
0.6249024329421505
0.5364497749154501
-1.079696345513629
-0.44587497249048924
-0.10410565957792084
-0.201678885253816
-0.3419282078792692
0.5606481198815849
-0.4484150462965746
-0.8490877251600577
-0.7320211496911392
0.05701093159007486
0.8826068409939075
-0.49412584977239143
1.08210071933311
0.4242255077200715
0.27081308922454916
0.8361503119211168
0.4189416644057997
-0.15829577732974784
0.1350169635250187
-0.055272332430863845
-0.22069500722743787
-0.32244331415995153
0.666924648766143
-0.30728407305685035
-0.7171049158019627
0.6375562692956933
-0.5083026855075893
0.9314986843771141
0.1389922166582814
-0.02260375596513284
-0.09522251753852053
0.1043717464619992
0.9021078619177822
0.3249622079417198
-0.28669976752009124
0.7855124919113532
0.7139499207065012
0.6975646738692681
-0.9510086324439709
-0.165383949586573
-0.17041396184973687
0.10792021933416011
-0.6450375135884787
0.3371401415175822
-0.7110502686481048
-0.8715351629841394
0.4013193927840323
0.8524794858914574
0.16766871142793088
0.21049135833758378
0.4298340777828545
0.8998038137979117
0.7335752483491905
-0.4616429281485909
0.3289049221883335
-0.8821850331675074
0.6260661866191941
-0.7319871218680225
-0.9425465555344668
-0.3466943398681941
1.04111909583116
0.36079478108299
0.22971029864517686
0.8797482059172049
0.2755903895948148
0.02882497650420398
-0.27536367391719
0.31723606829482914
-0.30171366712549713
-0.7385294431716518
-0.024157502471913242
-0.21800893571499588
-0.6712141686839551
0.9569143790857931
-0.13767295146570105
-0.7222776945890809
0.5893272762894546
-0.9487052655658134
0.5878688638674501
0.6416489184453567
0.4042342679708941
0.4952192502186815
-0.08424101419415479
0.7638545845906364
-0.8163583103518072
-0.22921547753431332
0.560724245623888
-0.6791275479261265
0.21579401187890454
0.48036739439240195
0.0949188210656125
-0.27325842212593726
-0.5003055933770437
0.6394557783818162
-0.42798999340710053
-1.06341530426062
-0.030195457527521466
-0.23911057633062585
-0.45048609694017927
-0.7701153546626597
0.8727034823987692
0.976014603281905
0.4383486980386594
0.4192700480236032
-0.11873319581563208
1.5205126021001785
-0.604231322996498
0.36746699268126526
-0.6481435815262149
-1.2452880378135311
-1.2858067457191256
-0.7746664427222927
0.2733469569190624
0.7129931958330089
-0.9952570765330193
0.6319609779345893
-1.1497978302881526
0.6785399527224014
0.2393501584145973
-0.21594631953381682
0.7844151798508632
-0.21758517141446226
0.786206837759971
-0.3685129030738451
-1.1457608716730492
1.0340202937771148
-0.06947908348131994
-0.10362402934147716
0.14230631817517417
-1.0754629784477112
0.15749686490134365
-0.34474420161386143
0.32983580187148265
0.2442760739917639
-0.3789355251079596
-0.802829352096249
0.9708343057480058
-0.14425270716562005
-0.26671349193372396
0.22786804030666258
-0.16762296725229908
-0.4734564721634219
0.7603854496278796
-0.6646209076460928
-0.42113553003929544
-0.6329307185927603
-0.837447541758503
0.38867618804630233
-0.09276615604541912
0.6530446311360145
0.5434808190016901
-0.1417626370158004
-0.08564958993621559
-0.5742809148231235
-0.8863504795133194
-0.5841863531673888
0.705780364349466
0.1896957360190512
0.7573733871338041
-0.04018602107234368
-0.12113164395719796
-0.7455896454702211
0.4541435501464885
-0.6317978495357431
-0.2379916950263905
0.396378396742718
-0.2176781542686301
-0.3386703592724729
-1.0955949761070407
-0.9794316251346059
-0.21331624148059444
-0.8699242949613868
-0.5294110308487934
-0.597552321765797
0.18739574917365395
-0.2984835205376994
0.42812632266419276
0.5514414005929384
-1.0090183913419986
-0.971060225810265
-0.4808767181386412
-1.2646330995750956
-0.6254614358756092
-0.83226459667364
0.649949700427451
-1.2346637212930973
-0.6533536814842457
1.6751017608605534
0.21044543732935977
0.34472466454650647
1.5581141157937304
0.6144055544131676
-0.620104515333175
-1.2563953927638656
-0.1815342193208426
0.6563491532530439
-0.8480173176918518
0.13382270916693492
-0.36680697359665515
0.29211038712366466
0.421414161456183
-0.10119537156394451
-0.8511767832890326
-0.6673090542061134
-1.120224411390036
0.9213281589281487
0.3798171240672235
-0.13442779452647324
-0.1331621463165499
-0.5864941610521512
-2.3488803587098914
-0.41922113325300864
0.222514994265748
0.32732754074263826
1.295776166517422
-0.02038936306306787
0.2519951665639581
1.5510797913805061
-1.2971017911479048
-0.1854249089510074
-0.8284240165150671
0.704347680250544
-0.2194218074932823
-1.1950362855878687
1.1430816661841094
0.4452171364757379
-0.6031504013095678
-0.27465148713853393
0.7383250068704271
0.08357935782638157
0.9786772321249715
-0.5078084954360351
-1.0882138166918487
-0.8540819891338597
-0.9130499934555519
0.6308491196465462
0.4387899709996939
0.9717105604230425
-0.6121511541968039
0.33667158146440274
0.7889029230212953
-0.44339865768016146
-0.5797679761033967
0.013531233660466819
0.01149476057972428
1.0009590117517666
0.14806188946054705
-0.3115916746628657
0.7463376954569898
-0.686130230271157
-0.6325692155535484
0.7613083521806939
0.25690658058668225
0.6835056384554559
0.04356329731562737
0.3443500360959555
-0.13269223523366974
-0.05690918390873448
-0.057808855819337916
-0.7418026076051284
0.5920083567921723
-0.4534371777411643
0.6957692164147952
0.6554084484254444
0.05378516388831728
-0.4853406770505899
0.8626984195838907
-0.5271360192868197
-0.2119773292587481
0.1478005713470031
0.5346858408967862
0.46925005875151526
-0.9536506206851092
0.5928932569565074
-0.2285013708525462
-0.013425489724092661
-0.13036326482728586
0.19261203274080452
-0.5377693691480071
-0.37153767278028393
-0.22963551315116862
-0.9828031708286749
-0.46422269019455276
-0.6950938126382739
0.9849400921042777
0.2025088281096386
-0.7101236962439331
-0.5262123061798493
-0.6373880101494573
-0.5617169275085133
0.26335515718496355
-0.1047009861492693
-0.8909653559648569
-0.24737306708616152
-0.42205522141290297
-0.7391016317744685
0.7619950930094916
-0.1357731206741808
-0.8243502918466554
-0.8560025882627366
0.19945813464144999
-0.26289477705410547
0.647929029764924
0.6466321541225182
-0.6342471774337485
-0.4518718618485645
0.26622517735511014
0.40453212600525074
0.6318637099539494
-0.8225013758593839
2.3837214875573847
0.5938132486234087
-0.594140353775778
-1.0653375909752376
0.19344406621796056
0.8154810517789413
-1.2456805752609057
1.8569068866308247
-0.3844823215484224
-0.135140605425547
0.19094854420262736
-0.23182013259632014
0.6269742859752845
-1.214959282214239
0.4069931389910409
-0.11768332109784821
1.0263814098578679
-1.3843954385068402
-0.4540280327156988
-0.21701457348755815
-0.8073694946405068
0.7691129155388475
0.17311891871043944
-0.8433537425862225
0.4142478652665152
-1.5554918891581146
0.24854739112813826
0.8752793371451454
-0.9034251003618698
-0.2507220357988124
-0.2758330250242484
-0.6400841744364271
-0.7590619905782725
-1.2120142367522593
1.429516380268279
0.3501319721421591
-0.9506449533004581
-0.8596662793200425
0.578779536732206
-0.4467684690593854
0.6473569327974183
-0.4173115685719601
0.0685570828137437
-0.22481521668108106
0.775504415907971
0.5007505643846663
-0.5112341026947342
-0.5036074700575423
0.3326927926440671
-1.0225371334012434
-0.13461769192794157
-0.7516581566562145
0.5023757381252976
-0.8866113683335504
-0.03558457619345051
-0.2947576003500179
0.3421871068758738
-0.595255130656929
-0.9885652636938956
-0.33317140936208256
0.168261925405348
0.32768263365353406
-0.27650234175900057
0.7403103171406248
-0.8693619242461115
0.09519627048478928
-0.3968868480592581
-0.6921993776208555
-0.2505176998991607
-0.7372559366970111
-1.1557273200902012
-0.027771619815606045
-1.1018801171614034
0.3827475727524662
0.3284263267571275
-0.06981923503247348
-1.4835915660850585
-1.144304395662166
0.8870482961401215
-0.03472301522486039
1.258936767103085
0.906765496758943
0.167741682318063
0.6220688265662435
0.22698098997991822
0.7080879937558715
0.3917902295521495
0.9727172266247257
-0.9717354938370278
-0.5104738962855996
0.47786198703216104
0.09020965145134272
0.031969962530512375
-0.543781520391858
0.40877429930664616
-0.43071538245951474
0.3275749960941588
-1.8304713402677186
0.1982530633441744
0.7958678101310594
0.2167733894003185
-1.0837059828626043
1.1057807305925165
0.27949170436599186
1.8576275740318475
-1.6044038726309722
-1.79466616791958
0.5301045603707907
-1.006637411549275
-0.3089760854684583
0.9502174708871158
0.34608113261200946
0.19851450134417278
-0.022491718255108158
0.7665398450503136
-1.0078710564611375
-1.1367365763906685
0.06509072558626819
0.6536190729006476
-0.0714533615353747
2.681260434619548
0.7324482710596266
0.11790986253160574
-0.16723878137878495
0.17803859952091386
0.33765870739127296
-1.0974562683685898
1.882850479106561
0.11880495561547433
-1.3988119043573817
-0.07178333921092794
0.3523517789806127
0.29684472738563505
-0.14422710718065926
-0.2859359067977873
1.0127044942647627
0.3978836757702949
-0.3161664813786973
-0.6798675103319448
-2.0801876624531332
-2.499268412880928
0.20986772686925143
-1.2383296136877404
-0.7490535600868992
1.1488184349960604
-1.7086088228674596
-0.14948062831555867
2.0145614823874203
-0.5947467186791677
0.28895083940368227
-0.05227504084862243
-0.1506389632868493
0.618146645377827
0.21985480304832797
0.05578581501314251
-0.5397372266881727
-0.9286248191490373
0.7005217000482332
0.1799869170161233
0.5432090930170803
0.3301059078953254
-0.42981574545309054
0.8685413902405399
0.2508384601457723
-0.9728495339159836
0.3815443976255556
-0.6792816319714409
0.10322513916091278
-0.6119304463963311
0.016923771466089806
-0.637542126754786
-0.7614299613932749
-0.47637835615570273
-1.0197728587886363
-0.06408736338064688
0.4144592720241802
0.3696814795045281
-0.39725229297224973
0.46938247115596465
0.6759416693182949
-0.6321092403379228
-0.8072713774957028
-1.0587783148992762
-0.6794358032924456
-0.280104353350941
-0.18760470112598032
-0.996703591332005
0.7759011998925011
-0.6189664208499644
-1.0638980785928052
-0.4896339468077089
0.8145593725422983
0.4525032670246621
0.3126194622859755
1.004499850567055
0.8077722414447861
-1.4162157438935623
-0.6032510292028563
-0.004241282066315826
-0.7676427711081499
0.6851328754092917
1.257824732650461
-0.3027130971110549
-0.3817529602490781
-0.9022035142171362
-0.37308351236587317
0.37771389826491414
1.838348225601515
-0.690112846890362
-0.9167660348858675
-0.5648912489620069
0.4989507724132838
-0.6891888922351024
-1.2212873719743829
0.48714918687250125
-0.8891067753726083
0.022366146058478437
-0.5378663619773917
1.4638365335345995
-0.24717420210836188
0.8075853609865908
-1.2376968889018058
1.0027617841369014
0.7344926119498209
2.4732949102114477
-0.48168610797023714
-1.1481032911100526
1.7873576432142724
-0.9547286329721301
-0.9776280037925442
1.1819784652018932
1.072324569973543
-0.34612614672527114
-0.35047989367428467
-0.25170424213039533
-1.0572519812611905
0.1515295660933903
-0.7001248609679228
-0.23069036736457554
0.1977496445245612
-0.9383111032509338
-0.42471646404870295
-0.6670701709463536
0.5919370947196544
-0.5966742664068855
-1.082419308260094
-0.09050225423183517
0.8699090394553376
-0.7879049648313715
0.9279309022290644
-0.4149178997706422
0.023564206544363097
0.5155689987787611
-0.46727738032169297
0.6037553106453388
-0.2050141573319265
-0.4735407223400497
-0.5245001400600554
-1.0517099135786627
0.9704370366440587
0.9227851073303703
0.6110015360311422
-1.187271459636609
-0.5455080122954523
0.9734781631599817
-0.2597876237184307
0.3790897155586789
0.4732205093791501
-0.5707719692353883
0.25072592501295893
-0.14451745216154582
0.3947768378755774
0.26734032761003046
-0.014312963840033187
-0.40727188041534257
-0.2178020033963673
-1.758955071591837
-2.056233882030529
-1.3107339933334148
0.2141294229533893
-2.0152630492251427
0.407944827904088
-0.9747430022269571
0.9445514050530146
0.13237500004501968
-0.6555495687878162
1.155357653620559
5.749364563337704E-4
0.3415459049465694
-0.31294339166350293
-0.7962439095337971
0.1302654593023269
-0.29655242698771306
-1.09708643978699
1.620611573896899
0.0633777365683487
0.23492149168696183
-1.4830686372037067
1.089291280839192
1.57270634024406
1.5675966125404124
0.5007832215818315
0.45096848717214716
1.0176493513737048
0.8943607371656056
0.43055608874291607
-1.7211135559497543
-0.8291978544875676
-0.33040028245719705
-0.34916766281249423
1.018419011970209
0.047265550981884535
-0.1949272274614756
0.9272209236859511
0.34355517348049164
0.06717150152597366
-0.9595001098990261
0.6897747184026829
1.0681260637418502
-0.6569942684218583
0.05638508882024818
0.39533253143410013
-0.40330793400516574
-0.09959425355550992
0.6048740794937175
-0.2039012047728667
-1.025276959715511
-0.8032095338428975
0.89919649464707
-0.4586005211665035
-1.0489135893990698
-0.10752619932586574
0.176689904667778
-0.6614696422586137
0.11250089613218112
-0.26932248753565213
-0.7900749412761371
-1.225275105741043
0.8062240004125167
0.9705163500309903
-0.4176229176330486
-0.6092653080694651
-0.17885149366300263
-0.014871669704073076
0.9642623107615499
-1.345113132321189
-0.9654164987840459
-0.03750823790543394
0.9840924882800982
0.653322100264326
0.5858331544313304
-0.13056408527836835
0.269063704432504
0.23429607776322794
-0.5687449534243838
-0.6027587667290847
0.6763244320439568
2.61876564913881
0.1182760779543736
-0.8555030819348172
2.2075935331186325
-1.2422496162377639
1.615868119099717
-0.5295471912319446
0.6010422572620684
-0.2730030184928791
-0.45840724186712706
0.6417820907444106
0.768920432368648
-0.9100911019356777
-0.48093765825641854
-0.10613355818000016
0.28961401633921247
-0.7769713932207315
-1.1559015661981522
-0.1482700870870144
1.0434935769632765
0.7417862556223572
-1.6246415721952785
-1.3007605344445232
-0.42410916166461754
-0.4947778748273892
-1.1608309680735835
-1.3336120184966838
-1.2629967130346018
0.1147956822806666
1.1264615535339906
-0.3012524494388227
0.7000399165757699
0.9455337669999593
0.35134104781233727
0.09681209206892413
0.13097902614118354
0.19181488264412822
0.7085336503200045
0.10277887430162522
0.6171976550261313
0.5317731754833757
-0.23775676999985618
0.32120688549198184
-0.7401573349362596
-0.7845904745339192
0.6206956220171175
-0.6236695549480683
0.25013990909268496
-0.48095658331009994
0.49443949072629473
-0.5315129189537972
0.5381041998983225
0.06108118559654906
0.0766600272417666
-0.7653882772104911
0.6226123242000121
1.2167826422062977
0.002497810101874551
0.1492538157364499
-1.0666420704008732
0.6021482798060941
-1.3374742592555076
-0.42203613310438004
-0.47928601002757487
0.11428955492691532
-0.4343754047040854
-0.2987170727476675
-2.481432789721206
1.2754460758057538
1.355884620127649
-1.331968296401323
0.34281059729416297
-0.0661231028226803
-0.05283493185223466
0.5282258468565624
-0.81641737994911
-0.12111512842458265
0.14124073745285712
-0.13449461038520028
1.0784401770702918
-0.24895642414296756
0.2754518322866043
9.915630402919338E-4
-0.2979402562864213
0.4233059122027623
-0.5435361342724611
-0.06090967276730285
0.39784092925427167
0.48325863781648776
-0.874041544185344
0.25628135459441376
-0.6770293945935719
0.014169426306495847
-0.4748685601685278
0.6965875156658379
0.06670931277200176
-0.31761106591926797
-0.3224807907918844
-0.08593188040119074
0.8242986295334356
0.9167144339826261
0.7520847137787968
1.1408499078039478
-0.748507015587855
0.7565490939875958
-0.530854214351554
0.04171591068022634
0.21612517091018035
0.7741644292138828
0.6958479699060364
-0.1337962168570397
0.6722426897499562
0.5459207920256741
0.01825306758681937
-1.0588895528422557
0.8002293634977903
-0.6162739122601808
0.8561956351010225
0.0441309525699986
-0.822010859232955
-1.6943738483138397
0.039097416356256506
0.1286720801463545
0.5378178925112475
0.2987206511946418
0.1762547387547699
-0.09643931052032831
-0.18040193950643255
0.9799009382169809
0.6881383898401174
1.2454047933644996
-0.5666391825172847
-0.05971560532901505
-0.6731128205944336
-0.9420143045322471
-1.0741641795700427
-0.6263060293261737
1.7021909144678113
-0.33952907855375647
0.6267233319778133
-1.6990843653201984
0.9414316935386479
-0.27578583591290473
-0.011158083154150596
-1.217226015229443
0.5783363218439809
0.7565803071737707
2.977892013251325
-0.8447956868755547
-0.695426708948518
2.183046183212508
-0.5876999070322115
0.5875686118605732
0.24034778364015924
0.06934613523428616
0.2192426183015845
0.03229403219536137
-0.040491308798282596
1.2424771492459854
-0.4840245250887922
-1.4453273156252993
-1.7229463992604643
0.06777869819731218
-1.593796712885739
-0.07836724541375803
-0.9130118984089475
1.3068804573488382
-0.21222680705797975
-0.001418559493761316
-0.1983750878342964
-2.121065875755402
-1.1205124950364003
0.5644677347889698
0.5783927626792114
-0.08096339161835966
-0.4801487171439131
-0.2777806438821465
1.2446495650556735
0.4806721085291277
0.5739071923154727
1.3265342708772352
0.9887418950327705
1.3203974234221707
2.378971214402751
1.322452797620268
0.4385114146848791
0.4681051148261609
-1.8016310296404483
1.8137785668391249
-0.0627891570695809
-2.0876214213699003
1.2633256593264748
-0.3186967452333202
-0.47152866467767474
0.3746892126818701
1.2508782758803176
1.1869821432960477
-0.7877715690379299
0.47790577427354153
-0.0017474816433626255
-0.6169544273797553
-0.5484910981090689
0.36616418422412333
-0.6744840009723452
-0.3280715740239587
0.17367542948840092
1.015663597821644
-0.47401765632478593
0.21114854730863414
-0.5597727335885734
-1.0444374485464356
-0.5568682879417847
0.25163745032229295
0.19644458806915038
0.9022124754754468
-0.5588409061727558
1.1058551200022224
0.020023972529212317
0.052773240525627096
0.3097044438327149
1.0615364664238438
0.955062808746785
-0.2147958312597273
0.6004703280302558
0.7019447848363927
0.5148398363478072
-0.08229878493789103
-1.049284783028785
0.3781946011332824
0.9354116813024068
-0.8992503532121059
-0.4381748492473979
0.18033858873382957
1.2873629915495932
0.5004536419617908
1.046242071960027
0.5189761847839959
-0.7487770316542812
-1.3872165483142336
-0.6535143226981551
0.012105746789583732
0.7720829593657849
-0.7176219429614635
-0.5252490272113904
-0.7208090513474292
-0.5018957711741445
-0.2201988714856316
0.03264086405511908
-0.4183684389264459
-0.7896054906270835
0.8114291147475864
0.14901779174826504
-0.5992863966873234
0.7664392375363297
0.5101969208398289
0.6051673534729264
-0.32662706793651614
-0.34410974854290044
0.11703074614340961
0.5065472300574854
-0.4548760731434102
0.7728366280901544
-0.44948364797267765
-0.8414320104996912
-0.7162016237690635
-1.0282862330288398
-0.40446105637961666
-0.849848852856606
-0.6869527927197375
0.2611067263244046
-0.0523863893258799
-0.1920962834611903
-0.807552563562781
-0.09357106564917587
-0.6274685907763183
0.5875653374924676
-0.32044827870388515
0.957909129219621
-0.40606187512943126
-0.30306590010435996
-0.6297610630184872
0.9572738878990035
-0.37362061504983224
0.3319605908207404
0.6210085295234922
-0.46727434618231023
0.18532495724977616
-0.5395148775384369
0.0820822258704094
-0.8873417563297823
-0.1107964108642951
-0.9929324612951614
0.06969958366882592
-0.6941026863021279
-0.18384203443613653
-0.08590141769277596
0.2556034303724877
0.7080118559711371
-0.8397414955356125
0.4821893105784302
-0.7258122702114905
-1.0331964040075665
0.4712573602135127
0.601182962977155
0.30458698829921255
-1.168083435839759
0.5092326383706979
0.5503508606630145
-0.38954769119773747
-0.8117346945742556
1.2654171999624044
0.7119482216822286
-0.07643835772966107
-0.6681407266395871
-0.6654936230233692
-0.6866051202886962
-0.9963186331988496
-0.48308759696015263
0.7609609711280879
0.12464775821135211
-0.5660793792672323
-0.46644765832545787
-0.7934748325308795
0.39922292886940663
-0.1904082774034794
0.5178714733113046
0.42569848939431787
-0.7466377037008871
-0.2644447508248977
0.5959802137848863
1.0403996335751857
-0.1375540845117149
0.8304264897226753
-0.2177794240214303
-0.24296791995316713
-0.4540820968317671
-0.7175937666412515
0.5730681295920681
-1.8584482211681674
-0.13596329954631714
-0.9024167456686413
-1.4609115670722599
0.683880724242916
0.8356699354867179
-2.026559185076722
0.7193474161245068
2.0462666152106372
1.0873534281095083
2.7984902115684593
-1.9609524369201496
-2.284228803076065
-1.645957431069099
-0.2813980504566498
1.9366936200783476
1.555793007242382
-0.6969946178807229
-0.44943947579403976
-0.3527864665440822
-0.6105198714401613
1.2632543695280865
0.8013186506696128
-0.39784837475003626
1.822128906664989
-2.4548101916063434
-0.9920392492250701
1.6512644805382408
-1.8581101163026768
-1.5975487142699483
-1.1877964285395404
0.6499907706361492
3.1955890455778255
0.5700312461749075
0.04572695506134544
-3.0711211483816148
1.2423765808465776
0.9789346753371028
-0.7147031226889506
1.082550930076725
1.736583885519721
-0.8191213640826199
-0.4759896612854834
0.8676504325323393
0.6726500368085022
-0.1815173001663458
2.512263231673411
-1.5429050741869073
0.4033960764263901
-0.5625138402425671
-1.7675466201704846
0.14391321125806714
0.6735147742040367
-1.6399010657069213
-0.9353785412773125
0.49114375850525527
-2.995870995968542
0.3350286859323291
1.1334295660307554
-0.4017792716737427
-0.7151899952995978
-0.4082899870944847
0.03973851616213512
