0.7010787038512142
-0.056791053429859774
-0.8010441852106133
1.140107183309014
0.2595624836443616
-0.8587370014798678
-0.4289768800430721
0.88084660901887
2.0818659667225075
0.675227494578281
-0.5846220088916787
-0.4165012385360509
0.4317432412926293
0.6234477536733307
-0.40020544499572935
-0.9495774152770321
-0.062076265909325565
0.6595012396328896
0.6339020532546019
0.18442795001929252
0.126089138897236
-0.5695207122596705
-0.041552080421626406
-0.5361285013340443
-0.017520287452001605
-0.806185743297946
0.5002152859170664
0.6150410241015973
0.8305182353063177
0.09559461943987886
-0.053849308740545436
-0.8942590654967081
0.6111660451834943
-0.340111044556749
-0.1820496790850041
0.7186251787687855
0.1701515063252388
0.4115520471479774
0.052759927824711075
-0.20588628906631726
0.5795624904971433
1.3942565819404407
-1.0017701769710998
0.5374044319496211
1.3941117706542696
0.673929991097446
0.24375929654223116
-1.8835622560945748
0.08409735423245986
1.9542095008524498
-1.221210595102559
-0.8791070179647354
-0.03087081694686642
-0.46676825869448024
0.650909056500638
-2.0133881866692818
-0.8383885312848082
-0.19377536699486442
0.6544683424890052
0.6957524320359587
-0.3174410576676069
1.4447520847237008
-1.8241324298506736
-1.1588507743224736
0.6241174202437697
1.2667470109685592
0.07581932174098013
1.1936439448369864
1.044418939826709
-0.3761544713862856
0.24473990120064015
-1.3671197155397503
-0.2159758120719224
0.20693768541023316
0.4519765067007027
-1.0769555068065002
-0.45381142928635293
0.6755659228897221
-0.31895390846586585
-1.0095983205695178
-0.8846559217565819
-0.6270080847345683
-0.7228021148414006
-0.004295312908563388
1.2154928416526147
1.0860496641952535
0.012330544799091861
0.8941915331857714
-0.7141783666739244
-0.6143290248969907
-0.0950375090384785
-0.20845960815157988
0.02097738834840021
0.9357397592391002
-0.8068169218886623
0.48561651592705396
-0.16880988335528616
-0.06138611598744326
0.9656956541111124
0.837005439739421
1.0570446876955633
-0.6369695839509616
-0.7792997859426242
0.6334413570537875
-0.04866503293970794
0.7467035380831039
-1.000359604584383
0.07712672564244363
-0.5169398846919696
-0.7739117877210435
-0.37358195709681474
-0.7987747000332118
0.9556636119286946
-0.39896275154873634
0.10149838312662804
-0.35331020244902794
-0.5291264981453689
-0.8139791758864496
-0.2650447519308119
0.23747228998547643
-0.7537863419906404
2.835024626550301
-0.14305946153232785
-0.18490658600196413
0.4454835059198864
0.7828998251071652
-0.3463215664777968
-2.130881598664822
-2.85831961154091
-0.47276312131304526
-0.6071065801665815
-0.5391889208918829
0.8880503825761945
0.562705095792049
-1.1744295443266823
0.5051610847054433
-0.33547371183678115
-0.16666907305232742
1.1678630797923055
-0.31665738073768585
-1.0840542842170835
1.2596205569488808
-0.020377951675160415
-0.6290404511506714
-0.2598460792059749
0.3175641203632938
-0.6692339382748819
-0.38370811003355443
-0.0045390384298185675
0.3754563383800705
-0.08995513618251547
0.4182325585358841
0.1277213627440707
-1.087719948577642
-0.8979081066427372
-0.05106938822284434
0.11242436207857379
0.12513415259791144
1.0996266045892422
-0.4717934141115478
-0.14327957224965288
-1.2606817290208512
-0.5368621442835112
0.47529089659770557
-0.9965312547873719
0.7369535089755515
0.05034771557498495
1.1988890173591251
-0.018684494995816987
1.2413074509185222
-0.1793665431250438
-0.6364751699947364
0.07706293697102992
0.504238744107293
-0.13089444050162355
-0.24514191307523617
0.05194038276519003
0.5565809759659042
-1.0503904361314125
-0.2919119299099357
0.7212617299873257
0.6941885171223192
-0.4077359375213171
0.7304095078565565
0.463781885637786
0.9249953615553789
-0.9211254470821265
-0.36239010365742724
1.0342686663665308
0.7396584030453429
-0.18457456107965
-0.34242616598647213
-0.5617236910949971
-1.1611731411507042
0.9489959229520567
-0.27788473004032294
-0.2528165345344828
-0.9138241134610007
0.6384541491779527
0.19821969130019196
2.0697789176179833
1.0652831390704365
-0.3934648152226537
0.6605085940655423
0.6053328263733601
0.5613173135166405
0.981624963884883
1.1190977416615855
1.047818012671212
-0.08559512902433164
0.459218943898448
-1.1697248869366452
0.32151327273363906
0.8879807383642923
0.4032675515774745
0.9214329641969493
-0.8082978089765382
-0.7618865928658817
-0.36129255662530946
-0.4895681532326575
-1.121693738502953
0.434093979113329
-0.6121712440668291
1.043036848309129
0.45052456428390175
-0.9819606895260273
-0.5860628664029595
-0.965857797306371
-0.9570184794776649
0.712753414099959
-0.9634500863581612
-0.11144365690578464
0.02982371788469844
0.5872679455235192
-0.24970811072363644
-0.10632395006425967
-0.32022100191446595
-0.8857134914265421
0.9315984444945957
-0.6735115700083445
-0.009064188475788857
0.13589768029273488
-0.04220366415902119
-1.1009372164129076
-0.603176636739353
-0.4164329085289112
0.6723166297252073
-0.10903076319444409
-1.533728716251948
0.6753233157099089
0.8325502968310065
-0.5721252819920372
0.9121466426230812
-0.58750637450369
-0.4052394287356646
0.11702439591336523
-0.3322651861857648
0.40452211601920984
0.6646515380197628
-0.20708041817131903
0.01877504324789712
0.4614169927799511
-0.16140373550977122
0.9215887983906945
0.26181506946976685
-0.4608758625501631
0.17322791779602995
0.37193703539349854
0.5403933686034135
0.25496702472071897
0.20628074858298445
1.7792575974916631
0.5094812107668565
0.5581010528659462
-0.18141989765050198
-0.2447467193294496
0.12371203707051463
0.7486169251178159
1.1660228637488
0.8337916409787036
-0.8532532487142517
-0.5748274713289773
-0.6688880094109888
-0.7384141763174159
0.9188053839292204
-0.15000899413232965
-8.30555078089954E-4
-0.2323756098676162
-0.6386274500604898
1.1968215946035157
0.3411164580107326
-1.0500428860348558
0.46874244345930255
0.8506222945060365
0.5512125331365421
-1.3082352958975387
-2.4334204304233715
-0.4133710391985926
0.6189168156121347
-1.0400685954614968
1.4408740930073647
0.16444849747281184
0.16753134032174857
-0.9150873271335559
-1.235050373389567
-1.2311595154396773
0.8357610177705835
0.18702913730755955
-1.2590341212590925
-0.6524393668848453
0.16671717137687725
0.6512354080641398
-0.6507372059705357
0.7694941563546361
0.5259469314265581
0.1870619896404905
-0.08820294745155466
0.8244738750210314
0.6842610910983448
-0.09751368769107915
-0.14601596628075728
-0.2982839466037488
0.6117447879143739
-0.3934002276207275
-1.5052073294247745
0.012378562381195736
0.23939476661977524
0.48554975577720305
0.13504701782656434
0.27311256725353256
-1.5410314778926737
-0.9243300137647485
-0.5422129465295256
-1.281465504763506
0.29871588990016346
-0.4428910153503659
-0.25898411583448494
-0.5619920655977123
-0.07935155872887761
-0.0673321033646695
0.0667174278309293
-0.05434100336682561
-0.15430408004317775
-0.2776716182252021
1.1690837019780893
0.030956165031084993
-0.6720128763080196
0.2884040430072581
-0.20869883283963542
-0.4466218979302387
-0.9868446259728942
-0.7101208400895087
1.0577827412237557
-0.30319898195971084
0.4708338343122112
-0.8232400679345523
-0.4442084269777277
-0.5468248697206459
-0.670823583782288
-0.3384669766048605
-0.7820857104004746
-0.7270713102187013
-0.059004353070945835
0.2664035790582081
-0.42170165623562483
-0.8530582210688139
-0.76942893255077
0.3315618622122806
-0.6044286381279751
0.06511481150045051
0.010189867123233217
0.9328664010400125
0.014871422998075956
-0.5378529186049862
-0.7775131011995923
0.43571717471212446
-0.17278039795400213
0.5177192847483636
0.4167288229515176
-0.9001176763996358
0.2840381670473713
0.5249663712900623
0.24476540896066878
-1.178678416421426
-0.3816638189402584
0.24274559976509572
0.03002696722679225
-0.10471851797087928
-0.5161162352858921
0.5851239764702629
0.788035035376235
-0.1590476112639585
-1.0615237701379918
0.9972015814724755
0.47569434045591386
-0.30196895013540465
-0.06638842702218183
0.14145468805173547
0.5746550459650068
0.19590564614703807
0.8735963328897847
-0.05640155634887134
-0.7801947196112344
-0.26972773804226147
-0.6167921104126726
-0.5597892193816731
0.43475104064987985
-0.8176015212639434
0.1062088564901956
0.31198224234259697
0.3691815636898287
0.6212531631295234
1.129420720211298
-0.03423823383061338
0.7112571339032667
-0.891469509048724
-0.19203290155753222
-0.1291749119935098
1.1105160594292274
0.03567214322448926
-0.7924817714741557
-0.7059082806274689
-0.172483080868612
0.7475922801526077
0.46488698773308523
1.180813132827428
0.04108356125618023
-0.902099752489267
0.504207001660106
-0.2071192350194875
-0.6915452436851387
-0.30855900996798413
-0.3382895522187301
0.3954070458225783
-0.411285585614311
-0.5935796502162093
-0.5896696289052555
0.20054016397211133
0.42217232458868803
-0.4859468138053113
1.5446559615671656
-0.37263619084264216
-0.08405032421960236
1.5814260198335346
-1.1164743086484317
-1.0379157162337378
0.7073517931723847
0.326781760543904
0.4100050074282534
0.02368237422660759
-0.049084385940765404
0.468283175591667
1.3861396598867677
-0.5576801198765865
-0.06457482979243
-0.9162565934593458
-0.016993744839746375
-0.018549583302753206
0.18219567084239022
0.6984045074459099
0.0861892742204056
0.289779660746275
-0.8231061305892509
1.721519827542027
1.071120463837043
0.08732892780152383
0.6545479480590782
-0.8745164917809504
-0.195440674944613
-1.146394697274634
1.1979490732004454
0.46941033338686283
-0.15288357453809662
-0.8917700507399702
0.48831227705293545
0.0388317921378215
-1.276124322334946
-0.5903452503466946
-0.6042106304417909
0.8666599624800942
-0.4897740039574462
-0.9332184375562511
1.008170387074468
0.9527518485075949
-0.5087406719402319
0.6915794209356495
0.67697257371349
-0.07474584807883097
-1.1263345993723477
-0.07632468951442349
0.9793031146491687
-0.15514470599749852
-1.8235501780034107
1.3828314295425217
0.01540578074990214
-1.1546615277611076
0.29895239327420875
-0.03779161765711965
0.3987385661894497
0.5756850150031981
-0.10115778170364612
-0.5057776978574504
0.3607918389102799
-0.6931321943057187
-0.592184474883071
0.5761872008669031
0.7297238794358817
0.5130197782417815
0.2335577835546732
0.17872095608864821
0.07184623111399437
0.397098739778409
-0.44232719046162067
-1.2348697072119321
-0.5599995533666768
0.2815538150733085
-0.4301705168245065
0.30171412480052284
0.21507091051961577
-0.4362251147242385
0.32914386463629675
0.07625472024763147
1.5077957629206842
0.6546264823094817
-0.205124343964795
0.043542777202680835
-0.6198193545778872
-0.25467040946519676
0.5177510511206775
-0.2463430219236241
-0.18686679776536524
0.08030192987555002
-0.5025291767882031
-0.2955578487073774
0.9382699835748305
-0.19908185219993874
0.5868540444367027
0.508616854037396
0.34286181445453223
0.2354073574055087
-0.5464761848125197
-0.26887597955265113
-0.6391137279039918
-0.5954151706822719
0.9565425987345603
1.2322856604697237
-2.0718218395698
0.34451659021980485
1.0696695161090726
-0.6870923153039241
0.4689924530233676
-2.307231966642623
1.0185935395233217
-1.1485979453762876
0.9760653857713711
0.743455215629929
-0.09566053963498217
-1.0807554814719527
0.2890090689517057
1.1261882375948213
0.07989648311762283
0.9266942549808762
-0.39381510702298833
-0.9179670969985364
-0.09486653704808964
-0.8258095457895553
1.2689944787902903
0.8198019840347738
-0.7490604362297082
-0.7652529351438322
0.24142848900378958
0.06064860389014019
-0.931308176565348
0.3031097384900258
-0.11757917882595721
0.546397034481298
-0.3942653568355149
-1.8328099373158127
1.005264643617215
1.1650297038840085
0.7123771085443668
-0.03810788844288044
-0.7651457237297998
1.7133615206366641
1.65987610442235
-0.5726303361819256
0.6814597818059929
-0.7207849439427537
-0.7324020876069542
-0.9256009749902443
-0.52333769819455
0.6334536371349225
0.1704166433384303
-0.484274559325768
-0.2073920779375764
-0.7802783915540092
-0.2444462816861037
-0.6705827597427506
0.04304306261754661
1.1587543373566753
0.29685591333855493
-1.9446157630144054
0.3296240979925256
1.0863173002218465
0.018064589291507963
-0.5811320403190369
-0.9488092062291574
2.3206999845634946
2.402427508673342
0.5324998450197546
0.9786796486973097
0.04051042667284439
-0.7230200189494165
-1.0680145459929353
1.0834865314754756
-0.4458080315337488
0.7339217757617604
-0.32649750259217125
0.14128923744851454
-0.3315940432226502
-0.042371731235961406
-1.262308727098553
0.06921186380709488
-0.08583606743872069
-0.11616353588301122
-0.12196293772101627
-0.4139503226073042
-0.6877310128063415
0.20610122523400798
-0.20457411636407835
-0.5757060328609581
0.8139840450584519
0.273175786397219
1.119600078493822
0.006115689613883873
-0.5686104193224059
-1.1691247179309714
0.16713920995481257
-0.16669729235028674
-0.009753835205856713
-0.37055110985508577
0.28157880469798374
-1.8312179418057033
0.061323227269602876
1.394672367699798
-0.11531665021476047
0.8195876387361573
-0.5805845860390504
-0.2137644584715198
-1.136167505472092
-0.17850361163004053
-0.49747459461235416
0.8477103893777082
0.0018088228653338858
0.24491547582315878
0.2597807349157433
1.3902221224864733
0.251281734106574
0.17013280596398903
-0.7221014202772619
0.2735018809965947
0.8311262425835187
1.2273627074930242
0.13821312487715848
0.5565729148352271
-0.4628040241492219
0.19626913303429908
0.03781322228550566
-1.3557689972669162
0.6787559251972798
0.9907150779280306
-0.09941244790840668
1.0964540574966877
-1.608310944610693
-0.5944210333742931
-0.14002977519155757
-0.3328857187277187
-0.829388583846294
-1.0234054101656855
0.4933155614254773
1.5574991924968595
-0.2761879208351376
-0.6480198131271669
-0.0683294398557127
0.9403978727189216
0.14666397422468688
1.1507322427148021
-0.40723276015618776
0.1886772287642906
-0.32840352259895944
-0.028046237826139492
0.29300771373895235
-1.1932010712909387
0.6755366412972217
-0.7410945956859986
0.3892658224352774
-0.1325184455600878
1.6221010312781903
1.1080414809598427
-0.39145834332042584
-0.3422581990353528
0.06916810103754449
0.22079891380242037
1.1970937782060294
-1.454743754296094
-0.46442991601758477
0.62894368517911
-0.8853256487871165
2.1711806718361704
-0.42596971178587784
1.032137594804229
-0.006160849521799154
-0.29247142429950707
-1.6029145838995513
2.2540445337986363
-0.05279176563923915
-1.9076916922079674
0.35063757791472816
0.02320668654017883
2.6730717439640963
0.7644803682858652
-0.757428274968358
-0.10656692136066452
0.5694162541801452
-0.25253835363866123
0.2071417336210553
-0.8748519461232515
1.309245837282189
1.5540479189674379
0.26917095738616054
-0.7952433098672549
-0.8022804545533535
-2.19896833708842
-0.5936490429123679
-0.7193710054420548
-0.6626043110498312
1.050399174497555
1.0215336335503704
-0.6275909382554823
0.18693026309944327
0.7147621970796347
-0.6522530215362838
0.2764371313926901
-0.9423057493786808
-0.8685946017284885
-0.17449233180351567
-0.844521026086405
-0.29304658521055305
-0.3896646958926073
-0.7562296217140465
-0.730813137340371
-0.964165289148136
-0.40660248203215266
-0.4000511201370311
-0.3312844207231634
0.12203504415372676
-0.8793063316117999
-0.46631502150916093
0.00276855272631714
0.12762683614847622
0.9188011693929178
1.385503646650266
-1.1895471975547003
0.30685786737903065
1.7261744052871415
-0.8185086384669448
-0.22201227848384955
-1.402156557908094
0.7797531545522873
1.8457323107437622
-0.04893110012253681
0.32979148451225343
1.1696116584112153
0.9123991162823664
-0.41145358312761976
-0.3201118141098754
-2.36892958084644
-1.344239750604321
-0.8072969807448456
-0.06005973628527805
1.4490460979064939
0.5194729387018086
-0.6630974164222425
0.8168254941896477
-1.1578660390356448
-0.07920790070060874
1.5518937762478922
-0.42920354295003216
-1.3034821420303127
0.44633405248907865
-0.6518057926004754
1.1792200611268007
1.0103231012609855
-0.8534647783960053
0.4244413119407665
0.6094183477848368
-0.38672052096347004
0.4797995130676111
-1.1773117299519864
-0.602775326343799
1.2390635378501533
0.7355017597663823
-1.032007662010106
-0.6941054984738564
-0.909247026485711
0.40038887081662344
-0.6334000818442256
-0.48834769977359593
0.3012052256337539
0.9561469174771594
-0.4589655702988482
-0.8852039445510619
1.0730193730157402
0.6249024329421504
0.5364497749154501
-1.079696345513629
-0.4458749724904897
-0.10410565957792091
-0.20167888525381633
-0.3419282078792693
0.5606481198815843
-0.44841504629657414
-0.8490877251600579
-0.7320211496911396
0.05701093159007483
0.8826068409939075
-0.49412584977239155
1.0821007193331098
0.4242255077200715
0.27081308922454916
0.8361503119211167
0.4189416644057997
-0.15829577732974778
0.1350169635250189
-0.05527233243086385
-0.22069500722743782
-0.3224433141599516
0.6669246487661431
-0.3072840730568503
-0.7171049158019628
0.6375562692956936
-0.5083026855075892
0.9314986843771139
0.13899221665828154
-0.022603755965133226
-0.09522251753852089
0.10437174646199925
0.9021078619177817
0.3249622079417205
-0.286699767520091
0.785512491911353
0.7139499207065013
0.6975646738692686
-0.9510086324439709
-0.16538394958657293
-0.1704139618497367
0.10792021933416013
-0.6450375135884786
0.33714014151758204
-0.7110502686481054
-0.8715351629841394
0.40131939278403245
0.8524794858914572
0.16766871142793105
0.21049135833758387
0.42983407778285443
0.8998038137979115
0.7335752483491911
-0.461642928148591
0.3289049221883338
-0.8821850331675083
0.6260661866191937
-0.7319871218680237
-0.9425465555344675
-0.3466943398681941
1.0411190958311594
0.36079478108299007
0.229710298645177
0.879748205917205
0.27559038959481474
0.028824976504204236
-0.27536367391718997
0.31723606829482887
-0.30171366712549724
-0.7385294431716517
-0.024157502471913447
-0.21800893571499558
-0.6712141686839551
0.9569143790857931
-0.13767295146570097
-0.7222776945890809
0.5893272762894545
-0.9487052655658135
0.5878688638674491
0.6416489184453559
0.4042342679708944
0.49521925021868185
-0.08424101419415508
0.763854584590636
-0.816358310351808
-0.22921547753431304
0.560724245623888
-0.6791275479261266
0.21579401187890446
0.480367394392402
0.09491882106561253
-0.2732584221259373
-0.5003055933770435
0.6394557783818164
-0.42798999340710037
-1.0634153042606205
-0.03019545752752157
-0.23911057633062616
-0.45048609694017916
-0.7701153546626592
0.8727034823987694
0.9760146032819049
0.4383486980386594
0.41927004802360374
-0.11873319581563217
1.5205126021001762
-0.6042313229964973
0.36746699268126537
-0.6481435815262142
-1.2452880378135338
-1.285806745719126
-0.7746664427222926
0.27334695691906225
0.7129931958330087
-0.9952570765330193
0.6319609779345893
-1.1497978302881526
0.6785399527224015
0.23935015841459684
-0.21594631953381677
0.7844151798508632
-0.21758517141446215
0.7862068377599711
-0.3685129030738451
-1.1457608716730496
1.034020293777115
-0.06947908348132009
-0.10362402934147723
0.14230631817517378
-1.0754629784477125
0.1574968649013438
-0.3447442016138618
0.32983580187148204
0.24427607399176304
-0.3789355251079606
-0.8028293520962493
0.9708343057480058
-0.1442527071656201
-0.26671349193372385
0.2278680403066626
-0.16762296725229914
-0.47345647216342196
0.7603854496278796
-0.6646209076460936
-0.4211355300392953
-0.6329307185927603
-0.8374475417585029
0.3886761880463026
-0.09276615604541912
0.6530446311360144
0.5434808190016899
-0.14176263701580058
-0.08564958993621567
-0.5742809148231237
-0.8863504795133194
-0.5841863531673887
0.7057803643494663
0.18969573601905104
0.7573733871338044
-0.04018602107234358
-0.121131643957198
-0.7455896454702211
0.4541435501464885
-0.6317978495357433
-0.2379916950263905
0.3963783967427181
-0.21767815426863013
-0.3386703592724729
-1.0955949761070405
-0.9794316251346061
-0.21331624148059444
-0.8699242949613868
-0.5294110308487935
-0.597552321765797
0.18739574917365395
-0.2984835205376994
0.4281263226641928
0.5514414005929383
-1.0090183913419988
-0.9710602258102653
-0.4808767181386411
-1.2646330995750956
-0.6254614358756097
-0.8322645966736401
0.6499497004274508
-1.2346637212930964
-0.6533536814842467
1.6751017608605534
0.21044543732936002
0.3447246645465068
1.5581141157937295
0.6144055544131671
-0.620104515333175
-1.2563953927638656
-0.18153421932084263
0.6563491532530449
-0.8480173176918525
0.13382270916693503
-0.36680697359665465
0.29211038712366455
0.42141416145618316
-0.1011953715639449
-0.8511767832890323
-0.6673090542061124
-1.1202244113900344
0.9213281589281489
0.3798171240672233
-0.134427794526474
-0.13316214631655016
-0.5864941610521509
-2.348880358709892
-0.4192211332530091
0.2225149942657485
0.32732754074263853
1.2957761665174221
-0.020389363063067902
0.2519951665639578
1.5510797913805061
-1.2971017911479046
-0.18542490895100777
-0.8284240165150666
0.7043476802505435
-0.21942180749328202
-1.195036285587869
1.1430816661841094
0.4452171364757381
-0.603150401309568
-0.27465148713853366
0.7383250068704267
0.08357935782638115
0.9786772321249715
-0.5078084954360355
-1.088213816691849
-0.8540819891338594
-0.9130499934555518
0.6308491196465469
0.4387899709996938
0.9717105604230427
-0.6121511541968038
0.336671581464403
0.7889029230212947
-0.4433986576801623
-0.5797679761033975
0.01353123366046687
0.011494760579724237
1.0009590117517655
0.14806188946054727
-0.31159167466286564
0.7463376954569897
-0.686130230271157
-0.6325692155535482
0.761308352180693
0.2569065805866825
0.683505638455456
0.04356329731562736
0.3443500360959555
-0.13269223523366955
-0.056909183908734354
-0.057808855819337764
-0.7418026076051298
0.5920083567921725
-0.45343717774116404
0.6957692164147956
0.655408448425444
0.05378516388831717
-0.4853406770505899
0.8626984195838903
-0.5271360192868202
-0.21197732925874804
0.14780057134700322
0.5346858408967854
0.4692500587515153
-0.9536506206851094
0.5928932569565074
-0.2285013708525464
-0.0134254897240927
-0.13036326482728594
0.19261203274080466
-0.5377693691480071
-0.3715376727802842
-0.22963551315116848
-0.9828031708286747
-0.4642226901945527
-0.6950938126382746
0.9849400921042775
0.2025088281096389
-0.7101236962439333
-0.5262123061798493
-0.6373880101494569
-0.5617169275085132
0.26335515718496266
-0.10470098614926936
-0.8909653559648573
-0.24737306708616189
-0.42205522141290336
-0.7391016317744689
0.7619950930094918
-0.13577312067418063
-0.8243502918466559
-0.8560025882627367
0.1994581346414497
-0.26289477705410547
0.6479290297649241
0.6466321541225182
-0.6342471774337494
-0.45187186184856454
0.26622517735511014
0.40453212600525057
0.6318637099539504
-0.8225013758593829
2.3837214875573824
0.5938132486234083
-0.5941403537757779
-1.0653375909752372
0.19344406621796081
0.8154810517789411
-1.245680575260905
1.8569068866308247
-0.3844823215484225
-0.13514060542554704
0.19094854420262727
-0.2318201325963203
0.6269742859752843
-1.2149592822142385
0.40699313899104045
-0.11768332109784818
1.0263814098578685
-1.3843954385068415
-0.45402803271569847
-0.21701457348755768
-0.8073694946405061
0.7691129155388478
0.1731189187104402
-0.8433537425862231
0.4142478652665148
-1.5554918891581155
0.24854739112813842
0.8752793371451455
-0.9034251003618694
-0.25072203579881275
-0.2758330250242485
-0.6400841744364271
-0.7590619905782726
-1.2120142367522586
1.4295163802682773
0.3501319721421596
-0.9506449533004577
-0.8596662793200424
0.5787795367322058
-0.4467684690593854
0.6473569327974182
-0.41731156857196006
0.06855708281374365
-0.22481521668108106
0.7755044159079709
0.5007505643846666
-0.5112341026947341
-0.5036074700575425
0.3326927926440671
-1.022537133401244
-0.1346176919279416
-0.7516581566562145
0.5023757381252973
-0.8866113683335505
-0.035584576193450485
-0.2947576003500179
0.3421871068758737
-0.595255130656929
-0.9885652636938957
-0.3331714093620826
0.1682619254053478
0.327682633653534
-0.27650234175900035
0.7403103171406246
-0.8693619242461116
0.0951962704847892
-0.39688684805925806
-0.6921993776208555
-0.25051769989916073
-0.7372559366970114
-1.155727320090201
-0.02777161981560609
-1.1018801171614037
0.3827475727524661
0.3284263267571277
-0.06981923503247346
-1.4835915660850587
-1.144304395662166
0.8870482961401215
-0.034723015224860335
1.2589367671030849
0.9067654967589431
0.167741682318063
0.6220688265662435
0.22698098997991822
0.7080879937558714
0.3917902295521495
0.972717226624726
-0.9717354938370277
-0.5104738962855996
0.4778619870321609
0.09020965145134273
0.031969962530512354
-0.5437815203918581
0.40877429930664605
-0.43071538245951474
0.3275749960941589
-1.8304713402677188
0.1982530633441743
0.7958678101310593
0.21677338940031848
-1.0837059828626046
1.1057807305925162
0.27949170436599174
1.8576275740318473
-1.604403872630972
-1.79466616791958
0.5301045603707909
-1.006637411549275
-0.30897608546845834
0.9502174708871166
0.3460811326120095
0.19851450134417273
-0.022491718255108144
0.7665398450503136
-1.0078710564611377
-1.1367365763906685
0.06509072558626824
0.6536190729006475
-0.07145336153537468
2.681260434619548
0.7324482710596256
0.11790986253160536
-0.16723878137878487
0.1780385995209127
0.33765870739127285
-1.09745626836859
1.8828504791065606
0.11880495561547479
-1.3988119043573803
-0.0717833392109277
0.35235177898061326
0.29684472738563467
-0.14422710718065898
-0.28593590679778724
1.0127044942647625
0.3978836757702948
-0.3161664813786961
-0.6798675103319448
-2.080187662453134
-2.4992684128809253
0.2098677268692511
-1.2383296136877395
-0.7490535600868987
1.1488184349960584
-1.7086088228674599
-0.14948062831555864
2.0145614823874185
-0.5947467186791663
0.28895083940368305
-0.05227504084862241
-0.15063896328684895
0.618146645377826
0.21985480304832777
0.05578581501314249
-0.5397372266881724
-0.9286248191490377
0.7005217000482331
0.1799869170161233
0.5432090930170804
0.33010590789532507
-0.42981574545309
0.86854139024054
0.25083846014577255
-0.9728495339159835
0.38154439762555553
-0.6792816319714411
0.10322513916091274
-0.6119304463963317
0.01692377146608979
-0.6375421267547863
-0.761429961393275
-0.47637835615570273
-1.0197728587886363
-0.06408736338064691
0.41445927202418037
0.3696814795045281
-0.3972522929722496
0.46938247115596454
0.675941669318295
-0.6321092403379233
-0.807271377495703
-1.0587783148992764
-0.6794358032924456
-0.28010435335094097
-0.18760470112598004
-0.9967035913320053
0.7759011998925007
-0.6189664208499643
-1.0638980785928052
-0.4896339468077089
0.8145593725422983
0.45250326702466215
0.3126194622859755
1.0044998505670553
0.8077722414447864
-1.416215743893562
-0.6032510292028562
-0.004241282066315868
-0.7676427711081504
0.6851328754092918
1.257824732650461
-0.3027130971110549
-0.38175296024907796
-0.902203514217136
-0.37308351236587395
0.3777138982649142
1.8383482256015151
-0.6901128468903632
-0.9167660348858695
-0.5648912489620078
0.4989507724132833
-0.6891888922351027
-1.221287371974386
0.4871491868725016
-0.8891067753726077
0.022366146058478302
-0.5378663619773915
1.4638365335345993
-0.24717420210836194
0.8075853609865906
-1.2376968889018043
1.0027617841369012
0.7344926119498212
2.4732949102114494
-0.4816861079702373
-1.148103291110052
1.7873576432142724
-0.954728632972129
-0.9776280037925437
1.181978465201892
1.072324569973544
-0.3461261467252712
-0.3504798936742851
-0.2517042421303956
-1.0572519812611905
0.1515295660933896
-0.7001248609679227
-0.23069036736457554
0.19774964452456048
-0.9383111032509336
-0.4247164640487024
-0.6670701709463536
0.5919370947196564
-0.5966742664068866
-1.0824193082600935
-0.09050225423183535
0.8699090394553377
-0.7879049648313714
0.9279309022290637
-0.41491789977064203
0.023564206544363194
0.5155689987787607
-0.4672773803216927
0.6037553106453385
-0.2050141573319266
-0.47354072234004974
-0.5245001400600546
-1.051709913578663
0.9704370366440594
0.9227851073303697
0.6110015360311419
-1.1872714596366076
-0.5455080122954514
0.9734781631599814
-0.259787623718431
0.3790897155586786
0.47322050937914967
-0.5707719692353885
0.250725925012959
-0.14451745216154566
0.39477683787557777
0.2673403276100308
-0.014312963840033168
-0.4072718804153419
-0.2178020033963669
-1.7589550715918363
-2.0562338820305284
-1.3107339933334157
0.21412942295338924
-2.015263049225144
0.40794482790408837
-0.9747430022269571
0.9445514050530147
0.13237500004501995
-0.6555495687878167
1.155357653620558
5.749364563339788E-4
0.3415459049465678
-0.3129433916635022
-0.7962439095337974
0.13026545930232725
-0.2965524269877132
-1.0970864397869893
1.6206115738968982
0.06337773656834904
0.23492149168696175
-1.4830686372037067
1.0892912808391928
1.5727063402440598
1.5675966125404115
0.5007832215818305
0.4509684871721477
1.017649351373704
0.8943607371656066
0.4305560887429164
-1.7211135559497535
-0.8291978544875671
-0.3304002824571971
-0.3491676628124948
1.0184190119702083
0.047265550981884265
-0.19492722746147584
0.927220923685951
0.34355517348049175
0.06717150152597373
-0.9595001098990257
0.6897747184026831
1.0681260637418515
-0.6569942684218577
0.056385088820248244
0.3953325314341004
-0.4033079340051665
-0.09959425355550991
0.6048740794937175
-0.20390120477286583
-1.0252769597155098
-0.8032095338428971
0.8991964946470705
-0.458600521166502
-1.0489135893990704
-0.10752619932586541
0.17668990466777795
-0.6614696422586149
0.11250089613218078
-0.2693224875356517
-0.7900749412761362
-1.2252751057410431
0.8062240004125167
0.9705163500309885
-0.4176229176330488
-0.6092653080694659
-0.17885149366300265
-0.014871669704073224
0.9642623107615491
-1.345113132321187
-0.9654164987840453
-0.03750823790543368
0.9840924882800978
0.6533221002643251
0.5858331544313298
-0.13056408527836835
0.26906370443250344
0.23429607776322858
-0.5687449534243844
-0.6027587667290848
0.6763244320439564
2.618765649138809
0.11827607795437395
-0.8555030819348179
2.207593533118633
-1.2422496162377632
1.6158681190997177
-0.5295471912319439
0.6010422572620678
-0.27300301849287945
-0.45840724186712783
0.6417820907444087
0.7689204323686473
-0.910091101935678
-0.48093765825641843
-0.10613355817999978
0.28961401633921213
-0.7769713932207309
-1.155901566198153
-0.14827008708701514
1.0434935769632783
0.7417862556223568
-1.6246415721952792
-1.3007605344445226
-0.4241091616646168
-0.49477787482738894
-1.1608309680735829
-1.3336120184966829
-1.262996713034602
0.11479568228066638
1.1264615535339881
-0.3012524494388232
0.7000399165757709
0.9455337669999588
0.3513410478123381
0.09681209206892435
0.13097902614118398
0.19181488264412902
0.7085336503200036
0.10277887430162576
0.6171976550261314
0.5317731754833755
-0.2377567699998554
0.3212068854919814
-0.7401573349362588
-0.784590474533919
0.6206956220171185
-0.6236695549480673
0.25013990909268513
-0.4809565833101001
0.4944394907262951
-0.531512918953796
0.5381041998983229
0.061081185596548924
0.07666002724176667
-0.7653882772104911
0.6226123242000129
1.2167826422062975
0.0024978101018744542
0.1492538157364502
-1.0666420704008739
0.602148279806094
-1.337474259255507
-0.42203613310438015
-0.47928601002757526
0.11428955492691527
-0.4343754047040853
-0.29871707274766734
-2.4814327897212034
1.2754460758057542
1.35588462012765
-1.331968296401323
0.3428105972941635
-0.0661231028226805
-0.05283493185223496
0.5282258468565622
-0.8164173799491105
-0.12111512842458275
0.14124073745285765
-0.13449461038519997
1.078440177070292
-0.24895642414296767
0.2754518322866046
9.915630402918855E-4
-0.29794025628642135
0.42330591220276265
-0.5435361342724611
-0.06090967276730293
0.3978409292542719
0.4832586378164884
-0.8740415441853441
0.25628135459441365
-0.6770293945935723
0.014169426306495269
-0.47486856016853013
0.6965875156658393
0.06670931277200189
-0.3176110659192679
-0.32248079079188385
-0.08593188040118968
0.8242986295334355
0.9167144339826271
0.7520847137787973
1.1408499078039478
-0.7485070155878554
0.756549093987596
-0.5308542143515532
0.04171591068022631
0.2161251709101796
0.7741644292138818
0.6958479699060364
-0.13379621685703985
0.6722426897499566
0.5459207920256742
0.018253067586819247
-1.0588895528422555
0.8002293634977896
-0.616273912260181
0.8561956351010226
0.04413095256999838
-0.8220108592329541
-1.6943738483138397
0.039097416356256506
0.12867208014635456
0.5378178925112467
0.2987206511946423
0.17625473875477013
-0.09643931052032839
-0.18040193950643285
0.9799009382169802
0.6881383898401183
1.2454047933644996
-0.5666391825172851
-0.059715605329014834
-0.6731128205944346
-0.9420143045322472
-1.0741641795700425
-0.6263060293261743
1.702190914467811
-0.3395290785537564
0.6267233319778132
-1.6990843653201981
0.9414316935386482
-0.2757858359129047
-0.01115808315415067
-1.217226015229443
0.5783363218439809
0.7565803071737704
2.9778920132513247
-0.8447956868755552
-0.6954267089485179
2.183046183212508
-0.587699907032212
0.587568611860573
0.24034778364015894
0.0693461352342864
0.21924261830158473
0.03229403219536134
-0.040491308798282596
1.242477149245985
-0.4840245250887924
-1.4453273156252997
-1.7229463992604634
0.06777869819731215
-1.5937967128857398
-0.07836724541375818
-0.9130118984089474
1.3068804573488373
-0.21222680705797964
-0.0014185594937614666
-0.19837508783429647
-2.121065875755403
-1.1205124950364
0.5644677347889699
0.578392762679212
-0.08096339161835975
-0.48014871714391344
-0.27778064388214685
1.2446495650556735
0.4806721085291277
0.5739071923154728
1.326534270877235
0.9887418950327705
1.3203974234221707
2.378971214402751
1.322452797620268
0.4385114146848791
0.46810511482616096
-1.801631029640449
1.813778566839125
-0.062789157069581
-2.0876214213699007
1.2633256593264752
-0.3186967452333203
-0.47152866467767485
0.3746892126818702
1.2508782758803174
1.186982143296048
-0.7877715690379301
0.4779057742735413
-0.0017474816433626376
-0.616954427379755
-0.5484910981090689
0.3661641842241227
-0.6744840009723452
-0.32807157402395876
0.17367542948840078
1.015663597821644
-0.4740176563247863
0.21114854730863405
-0.559772733588573
-1.0444374485464363
-0.5568682879417847
0.25163745032229284
0.1964445880691505
0.9022124754754467
-0.5588409061727568
1.1058551200022217
0.020023972529212338
0.052773240525627096
0.30970444383271445
1.0615364664238436
0.9550628087467863
-0.21479583125972737
0.6004703280302554
0.7019447848363927
0.5148398363478068
-0.08229878493789108
-1.0492847830287853
0.3781946011332825
0.9354116813024068
-0.8992503532121048
-0.4381748492473984
0.1803385887338299
1.2873629915495928
0.5004536419617902
1.0462420719600272
0.5189761847839974
-0.7487770316542813
-1.3872165483142334
-0.6535143226981557
0.012105746789583746
0.7720829593657851
-0.7176219429614636
-0.5252490272113917
-0.7208090513474291
-0.5018957711741451
-0.22019887148563144
0.03264086405511909
-0.418368438926446
-0.7896054906270837
0.8114291147475862
0.1490177917482651
-0.5992863966873238
0.7664392375363303
0.5101969208398287
0.605167353472927
-0.3266270679365162
-0.34410974854290016
0.11703074614340941
0.5065472300574854
-0.45487607314341005
0.7728366280901543
-0.4494836479726774
-0.8414320104996913
-0.7162016237690632
-1.02828623302884
-0.4044610563796162
-0.8498488528566062
-0.6869527927197373
0.26110672632440474
-0.052386389325879905
-0.19209628346119031
-0.8075525635627808
-0.09357106564917579
-0.6274685907763184
0.5875653374924673
-0.3204482787038852
0.9579091292196212
-0.40606187512943115
-0.3030659001043599
-0.6297610630184867
0.9572738878990033
-0.37362061504983235
0.3319605908207404
0.6210085295234917
-0.46727434618231023
0.1853249572497758
-0.539514877538437
0.08208222587040938
-0.8873417563297827
-0.11079641086429498
-0.9929324612951618
0.06969958366882606
-0.6941026863021279
-0.1838420344361365
-0.08590141769277596
0.25560343037248806
0.708011855971138
-0.8397414955356121
0.4821893105784301
-0.7258122702114901
-1.033196404007567
0.4712573602135128
0.6011829629771558
0.304586988299213
-1.1680834358397594
0.5092326383706983
0.5503508606630164
-0.3895476911977372
-0.8117346945742557
1.2654171999624049
0.7119482216822286
-0.07643835772966152
-0.6681407266395875
-0.6654936230233683
-0.686605120288697
-0.9963186331988492
-0.48308759696015297
0.7609609711280881
0.12464775821135236
-0.5660793792672325
-0.4664476583254577
-0.7934748325308801
0.3992229288694076
-0.19040827740347938
0.5178714733113038
0.4256984893943178
-0.7466377037008873
-0.2644447508248978
0.5959802137848856
1.0403996335751864
-0.1375540845117149
0.8304264897226749
-0.21777942402142983
-0.24296791995316744
-0.45408209683176776
-0.7175937666412516
0.5730681295920674
-1.8584482211681665
-0.135963299546317
-0.9024167456686419
-1.4609115670722588
0.6838807242429159
0.8356699354867161
-2.02655918507672
0.7193474161245067
2.046266615210634
1.0873534281095087
2.798490211568463
-1.9609524369201505
-2.284228803076066
-1.6459574310690992
-0.28139805045664856
1.936693620078347
1.555793007242383
-0.6969946178807233
-0.44943947579404014
-0.3527864665440822
-0.6105198714401608
1.263254369528086
0.8013186506696149
-0.3978483747500359
1.8221289066649877
-2.4548101916063434
-0.9920392492250676
1.6512644805382397
-1.8581101163026768
-1.5975487142699476
-1.1877964285395415
0.6499907706361485
3.1955890455778273
0.5700312461749081
0.04572695506134494
-3.0711211483816157
1.2423765808465779
0.9789346753371014
-0.7147031226889522
1.0825509300767258
1.7365838855197209
-0.8191213640826199
-0.47598966128548337
0.8676504325323395
0.6726500368085018
-0.18151730016634623
2.512263231673411
-1.5429050741869077
0.4033960764263907
-0.5625138402425671
-1.7675466201704868
0.1439132112580666
0.6735147742040375
-1.639901065706922
-0.9353785412773135
0.4911437585052553
-2.995870995968542
0.3350286859323289
1.1334295660307585
-0.401779271673744
-0.7151899952995977
-0.40828998709448533
0.0397385161621351
